# Characters no PDF names, by shape (FontGlyphsTool): family label count outline (staff spaces, y down). Label ? = not yet told.
helsinki-special DOT 51 0,-0.19,-0.04,-0.19,-0.07,-0.18,-0.1,-0.16,-0.13,-0.13,-0.15,-0.11,-0.17,-0.07,-0.18,-0.04,-0.18,-0,-0.18,0.04,-0.17,0.07,-0.15,0.1,-0.13,0.13,-0.1,0.15,-0.07,0.17,-0.04,0.18,0,0.18,0.04,0.18,0.07,0.17,0.11,0.15,0.13,0.13,0.16,0.1,0.18,0.07,0.19,0.04,0.19,-0,0.19,-0.04,0.18,-0.07,0.16,-0.11,0.13,-0.13,0.11,-0.16,0.07,-0.18,0.04,-0.19,0,-0.19
helsinki-special IGNORE 4 1.47,-1.28,1.43,-1.17,1.38,-1.07,1.33,-0.97,1.27,-0.88,1.24,-0.84,1.21,-0.79,1.18,-0.75,1.14,-0.71,1.1,-0.68,1.07,-0.64,1.03,-0.61,0.99,-0.57,0.94,-0.54,0.9,-0.51,0.85,-0.48,0.8,-0.46,0.75,-0.43,0.7,-0.41,0.65,-0.39,0.59,-0.37,0.53,-0.35,0.47,-0.33,0.41,-0.31,0.34,-0.3,0.28,-0.29,0.21,-0.28,0.13,-0.27,0.06,-0.26,0.05,-0.26,0.04,-0.26,0.03,-0.25,0.03,-0.24,0.02,-0.23,0.01,-0.2,0.01,-0.18,0,-0.15,0,-0.12,0,-0.09,0.01,-0.07,0.01,-0.05,0.02,-0.03,0.04,-0.01,0.05,-0.01,0.06,-0,0.08,-0,0.16,-0.01,0.24,-0.02,0.31,-0.04,0.39,-0.06,0.46,-0.08,0.53,-0.1,0.6,-0.13,0.66,-0.16,0.72,-0.19,0.78,-0.22,0.84,-0.25,0.9,-0.29,0.95,-0.33,1,-0.37,1.05,-0.41,1.1,-0.45,1.14,-0.5,1.19,-0.54,1.23,-0.59,1.27,-0.64,1.3,-0.69,1.34,-0.73,1.37,-0.78,1.4,-0.84,1.46,-0.94,1.51,-1.05,1.56,-1.15,1.59,-1.26,1.6,-1.27,1.6,-1.29,1.6,-1.3,1.59,-1.31,1.59,-1.32,1.58,-1.32,1.56,-1.34,1.55,-1.34,1.54,-1.34,1.53,-1.34,1.52,-1.34,1.51,-1.33,1.5,-1.32,1.49,-1.31,1.48,-1.3,1.47,-1.28
opus HEAD_BLACK 226 0.45,0.52,0.52,0.52,0.6,0.51,0.68,0.49,0.76,0.46,0.84,0.43,0.92,0.39,0.99,0.35,1.06,0.31,1.13,0.26,1.18,0.2,1.23,0.14,1.28,0.08,1.3,0.05,1.32,0.02,1.33,-0.01,1.34,-0.04,1.35,-0.08,1.36,-0.11,1.36,-0.14,1.37,-0.18,1.36,-0.21,1.36,-0.25,1.35,-0.29,1.33,-0.32,1.32,-0.35,1.29,-0.38,1.27,-0.4,1.24,-0.43,1.21,-0.45,1.17,-0.47,1.13,-0.48,1.09,-0.5,1.05,-0.51,1.01,-0.52,0.96,-0.52,0.91,-0.52,0.83,-0.52,0.75,-0.51,0.68,-0.49,0.6,-0.46,0.52,-0.43,0.44,-0.4,0.37,-0.35,0.3,-0.31,0.24,-0.26,0.18,-0.2,0.13,-0.15,0.09,-0.09,0.07,-0.06,0.05,-0.02,0.03,0.01,0.02,0.04,0.01,0.07,0.01,0.11,0,0.14,0,0.17,0,0.21,0.01,0.25,0.02,0.29,0.03,0.32,0.05,0.35,0.07,0.38,0.1,0.41,0.13,0.43,0.16,0.45,0.19,0.47,0.23,0.48,0.27,0.5,0.31,0.51,0.35,0.51,0.4,0.52,0.45,0.52
opus ARTICULATION:accent 70 1.64,-0.42,0,-0.84,0,-0.68,1.14,-0.42,0,-0.16,0,-0,1.64,-0.42
opus FLAG_8 46 0.04,1,0.08,1,0.09,0.99,0.09,0.99,0.09,0.98,0.09,0.96,0.09,0.94,0.09,0.92,0.14,0.81,0.19,0.7,0.24,0.59,0.29,0.49,0.35,0.39,0.4,0.29,0.47,0.2,0.53,0.12,0.64,-0.01,0.76,-0.14,0.87,-0.27,0.99,-0.4,1.04,-0.47,1.09,-0.54,1.13,-0.61,1.16,-0.69,1.18,-0.77,1.2,-0.85,1.21,-0.92,1.22,-1,1.21,-1.08,1.21,-1.16,1.19,-1.24,1.18,-1.32,1.15,-1.4,1.12,-1.5,1.08,-1.59,1.04,-1.69,0.99,-1.78,0.95,-1.85,0.93,-1.88,0.9,-1.9,0.89,-1.91,0.87,-1.92,0.86,-1.91,0.85,-1.91,0.85,-1.9,0.85,-1.88,0.85,-1.86,0.86,-1.84,0.87,-1.82,0.88,-1.8,0.93,-1.71,0.97,-1.62,1,-1.53,1.03,-1.45,1.05,-1.37,1.07,-1.29,1.08,-1.22,1.08,-1.15,1.08,-1.11,1.08,-1.06,1.07,-1.02,1.07,-0.97,1.06,-0.93,1.05,-0.89,1.03,-0.84,1.02,-0.8,1,-0.76,0.98,-0.72,0.96,-0.68,0.93,-0.64,0.91,-0.6,0.88,-0.57,0.82,-0.49,0.78,-0.45,0.71,-0.39,0.47,-0.2,0.39,-0.14,0.32,-0.09,0.27,-0.05,0.22,-0.03,0.18,-0.01,0.14,-0,0.09,0,0.04,-0,0.04,1
opus REST_8 43 1.06,-0.66,0.99,-0.59,0.91,-0.54,0.84,-0.49,0.77,-0.45,0.69,-0.43,0.63,-0.4,0.59,-0.4,0.56,-0.39,0.53,-0.39,0.49,-0.39,0.46,-0.39,0.45,-0.4,0.44,-0.4,0.47,-0.46,0.49,-0.51,0.5,-0.56,0.51,-0.61,0.5,-0.65,0.5,-0.67,0.49,-0.69,0.48,-0.71,0.47,-0.73,0.46,-0.74,0.45,-0.76,0.43,-0.77,0.42,-0.78,0.4,-0.79,0.38,-0.79,0.33,-0.8,0.28,-0.8,0.25,-0.8,0.23,-0.8,0.2,-0.79,0.18,-0.79,0.13,-0.77,0.09,-0.74,0.07,-0.73,0.05,-0.71,0.04,-0.7,0.03,-0.68,0.02,-0.66,0.01,-0.64,0,-0.62,0,-0.6,0,-0.56,0.01,-0.53,0.01,-0.5,0.02,-0.47,0.04,-0.45,0.05,-0.42,0.07,-0.4,0.09,-0.38,0.12,-0.36,0.15,-0.35,0.18,-0.34,0.21,-0.33,0.25,-0.32,0.29,-0.31,0.33,-0.31,0.37,-0.31,0.43,-0.31,0.48,-0.32,0.54,-0.32,0.6,-0.33,0.67,-0.35,0.74,-0.37,0.81,-0.39,0.89,-0.41,0.25,1,0.42,1,1.06,-0.66
opus FLAT 17 0,0.73,0.56,0.32,0.61,0.28,0.65,0.25,0.69,0.21,0.72,0.18,0.75,0.14,0.78,0.11,0.81,0.07,0.83,0.04,0.86,-0.03,0.89,-0.1,0.9,-0.13,0.91,-0.16,0.91,-0.19,0.92,-0.22,0.91,-0.26,0.91,-0.3,0.89,-0.34,0.88,-0.37,0.86,-0.41,0.84,-0.44,0.81,-0.47,0.78,-0.5,0.75,-0.52,0.71,-0.54,0.68,-0.56,0.64,-0.58,0.6,-0.59,0.56,-0.6,0.52,-0.61,0.47,-0.61,0.41,-0.61,0.35,-0.6,0.3,-0.58,0.25,-0.56,0.21,-0.54,0.17,-0.5,0.13,-0.46,0.1,-0.42,0.13,-1.68,0,-1.68,0,0.73|0.37,-0.45,0.42,-0.45,0.44,-0.44,0.46,-0.43,0.48,-0.43,0.5,-0.42,0.51,-0.4,0.53,-0.39,0.54,-0.37,0.56,-0.36,0.57,-0.34,0.58,-0.32,0.58,-0.3,0.59,-0.28,0.6,-0.24,0.59,-0.19,0.58,-0.15,0.57,-0.1,0.55,-0.05,0.52,0,0.49,0.06,0.46,0.11,0.43,0.16,0.39,0.22,0.35,0.27,0.31,0.32,0.27,0.36,0.23,0.4,0.19,0.44,0.15,0.48,0.11,0.5,0.1,0.44,0.1,0.35,0.09,0.24,0.09,0.11,0.09,0.02,0.1,-0.07,0.1,-0.17,0.12,-0.28,0.14,-0.32,0.16,-0.36,0.19,-0.39,0.22,-0.41,0.26,-0.43,0.29,-0.44,0.33,-0.45,0.37,-0.45
opus ARTICULATION:tenuto 11 1.38,-0,1.38,-0.24,0,-0.24,0,-0,1.38,-0
opus CLEF_F 7 0.04,2.21,0.04,2.23,0.04,2.25,0.06,2.26,0.07,2.28,0.09,2.29,0.11,2.29,0.13,2.3,0.16,2.3,0.2,2.3,0.23,2.3,0.27,2.29,0.31,2.28,0.4,2.26,0.5,2.22,0.6,2.18,0.72,2.13,0.83,2.07,0.95,2,1.07,1.93,1.19,1.85,1.3,1.76,1.41,1.66,1.47,1.61,1.52,1.56,1.57,1.51,1.62,1.46,1.66,1.4,1.71,1.35,1.75,1.29,1.79,1.23,1.89,1.06,1.98,0.91,2.01,0.84,2.04,0.77,2.07,0.7,2.1,0.64,2.12,0.58,2.14,0.52,2.15,0.46,2.16,0.4,2.17,0.34,2.18,0.28,2.18,0.22,2.18,0.16,2.18,0.06,2.17,-0.03,2.16,-0.11,2.14,-0.19,2.12,-0.27,2.1,-0.33,2.08,-0.39,2.05,-0.44,2.03,-0.49,1.99,-0.55,1.95,-0.6,1.91,-0.67,1.88,-0.7,1.85,-0.73,1.81,-0.76,1.77,-0.79,1.73,-0.82,1.68,-0.85,1.63,-0.88,1.58,-0.9,1.52,-0.93,1.46,-0.95,1.39,-0.97,1.32,-0.99,1.24,-1,1.17,-1.01,1.09,-1.01,1,-1.02,0.9,-1.01,0.81,-1,0.72,-0.98,0.63,-0.95,0.54,-0.92,0.46,-0.88,0.39,-0.83,0.32,-0.78,0.29,-0.75,0.25,-0.72,0.22,-0.69,0.2,-0.65,0.17,-0.62,0.15,-0.58,0.12,-0.55,0.1,-0.51,0.08,-0.47,0.07,-0.43,0.05,-0.39,0.04,-0.35,0.03,-0.31,0.03,-0.27,0.02,-0.23,0.02,-0.18,0.03,-0.13,0.03,-0.07,0.04,-0.01,0.05,0.04,0.07,0.09,0.09,0.13,0.11,0.18,0.13,0.22,0.16,0.26,0.19,0.29,0.23,0.32,0.27,0.34,0.31,0.36,0.35,0.38,0.39,0.39,0.44,0.39,0.49,0.39,0.53,0.38,0.57,0.37,0.6,0.36,0.64,0.35,0.66,0.34,0.69,0.32,0.71,0.29,0.75,0.25,0.79,0.21,0.81,0.16,0.83,0.12,0.84,0.08,0.85,0.04,0.86,-0.01,0.86,-0.06,0.86,-0.09,0.86,-0.12,0.85,-0.15,0.84,-0.18,0.82,-0.21,0.81,-0.24,0.79,-0.27,0.77,-0.29,0.75,-0.32,0.73,-0.34,0.7,-0.35,0.67,-0.37,0.65,-0.38,0.62,-0.39,0.58,-0.4,0.55,-0.4,0.52,-0.4,0.49,-0.39,0.46,-0.39,0.44,-0.38,0.39,-0.36,0.35,-0.33,0.31,-0.31,0.29,-0.29,0.28,-0.28,0.27,-0.27,0.28,-0.27,0.27,-0.27,0.26,-0.28,0.25,-0.29,0.25,-0.31,0.25,-0.34,0.25,-0.39,0.26,-0.44,0.28,-0.49,0.3,-0.54,0.34,-0.59,0.37,-0.63,0.41,-0.67,0.46,-0.71,0.51,-0.75,0.57,-0.79,0.62,-0.81,0.68,-0.84,0.74,-0.86,0.8,-0.88,0.86,-0.88,0.92,-0.89,0.97,-0.89,1.01,-0.88,1.05,-0.88,1.09,-0.87,1.12,-0.86,1.16,-0.85,1.2,-0.84,1.23,-0.82,1.26,-0.8,1.3,-0.78,1.33,-0.76,1.36,-0.74,1.39,-0.71,1.41,-0.69,1.44,-0.66,1.46,-0.63,1.51,-0.57,1.55,-0.5,1.58,-0.43,1.61,-0.35,1.63,-0.31,1.64,-0.27,1.65,-0.18,1.66,-0.08,1.67,0.03,1.66,0.08,1.66,0.13,1.65,0.25,1.63,0.36,1.6,0.48,1.56,0.61,1.52,0.73,1.47,0.85,1.41,0.97,1.34,1.09,1.27,1.21,1.19,1.32,1.11,1.44,1.02,1.55,0.92,1.66,0.82,1.76,0.71,1.86,0.65,1.91,0.58,1.96,0.51,2.01,0.43,2.05,0.34,2.09,0.24,2.13,0.14,2.17,0.04,2.21|2.52,-0.5,2.52,-0.46,2.53,-0.42,2.55,-0.39,2.58,-0.36,2.61,-0.33,2.64,-0.32,2.68,-0.31,2.72,-0.3,2.76,-0.31,2.8,-0.32,2.83,-0.33,2.86,-0.36,2.88,-0.39,2.9,-0.42,2.91,-0.46,2.92,-0.5,2.91,-0.54,2.9,-0.58,2.89,-0.61,2.86,-0.64,2.83,-0.66,2.8,-0.68,2.76,-0.69,2.72,-0.7,2.68,-0.69,2.64,-0.68,2.61,-0.66,2.58,-0.64,2.55,-0.61,2.54,-0.58,2.52,-0.54,2.52,-0.5,2.52,-0.5|2.52,0.5,2.52,0.54,2.53,0.58,2.55,0.61,2.58,0.64,2.61,0.66,2.64,0.68,2.68,0.69,2.72,0.7,2.76,0.69,2.8,0.68,2.83,0.66,2.86,0.64,2.88,0.61,2.9,0.58,2.91,0.54,2.92,0.5,2.91,0.46,2.9,0.42,2.89,0.39,2.86,0.36,2.83,0.33,2.8,0.31,2.76,0.3,2.72,0.3,2.68,0.3,2.64,0.31,2.61,0.33,2.58,0.36,2.55,0.39,2.54,0.42,2.52,0.46,2.52,0.5
opus HEAD_HALF 7 0,0.18,0,0.23,0.01,0.26,0.02,0.3,0.04,0.34,0.06,0.37,0.08,0.4,0.11,0.43,0.14,0.45,0.18,0.47,0.21,0.49,0.25,0.5,0.3,0.52,0.34,0.53,0.39,0.53,0.44,0.54,0.49,0.54,0.58,0.54,0.66,0.53,0.74,0.51,0.82,0.49,0.9,0.46,0.98,0.43,1.05,0.39,1.12,0.34,1.18,0.3,1.24,0.24,1.29,0.19,1.33,0.13,1.35,0.1,1.36,0.07,1.38,0.03,1.39,-0,1.4,-0.03,1.4,-0.07,1.41,-0.1,1.41,-0.14,1.41,-0.19,1.4,-0.23,1.39,-0.27,1.37,-0.31,1.34,-0.35,1.31,-0.39,1.27,-0.42,1.22,-0.46,1.19,-0.48,1.16,-0.5,1.12,-0.51,1.07,-0.52,1.03,-0.53,0.98,-0.54,0.92,-0.54,0.86,-0.54,0.78,-0.54,0.7,-0.53,0.63,-0.51,0.55,-0.48,0.48,-0.45,0.41,-0.41,0.34,-0.37,0.27,-0.32,0.21,-0.26,0.16,-0.21,0.12,-0.15,0.08,-0.08,0.06,-0.05,0.04,-0.02,0.03,0.02,0.02,0.05,0.01,0.08,0.01,0.12,0,0.15,0,0.18|1.09,-0.42,1.14,-0.42,1.19,-0.41,1.23,-0.4,1.24,-0.39,1.26,-0.38,1.27,-0.36,1.28,-0.35,1.29,-0.33,1.3,-0.32,1.31,-0.3,1.31,-0.28,1.32,-0.24,1.31,-0.21,1.31,-0.19,1.3,-0.17,1.28,-0.14,1.27,-0.11,1.25,-0.09,1.22,-0.06,1.2,-0.03,1.14,0.02,1.07,0.08,1,0.13,0.92,0.18,0.84,0.23,0.75,0.28,0.67,0.32,0.59,0.35,0.51,0.38,0.44,0.4,0.38,0.42,0.35,0.42,0.32,0.42,0.27,0.42,0.22,0.41,0.18,0.39,0.16,0.38,0.15,0.37,0.14,0.36,0.12,0.35,0.11,0.33,0.11,0.31,0.1,0.3,0.1,0.28,0.09,0.23,0.09,0.21,0.1,0.19,0.11,0.16,0.12,0.14,0.14,0.11,0.16,0.08,0.18,0.06,0.21,0.03,0.27,-0.03,0.34,-0.08,0.41,-0.14,0.49,-0.19,0.57,-0.23,0.66,-0.28,0.74,-0.32,0.82,-0.35,0.9,-0.38,0.97,-0.4,1.03,-0.42,1.09,-0.42
opus REST_4 6 1.05,0.8,1.02,0.75,0.98,0.7,0.9,0.6,0.74,0.4,0.7,0.35,0.67,0.3,0.63,0.25,0.61,0.2,0.58,0.16,0.57,0.11,0.56,0.07,0.55,0.03,0.55,0,0.56,-0.03,0.57,-0.06,0.58,-0.09,0.59,-0.13,0.6,-0.16,0.65,-0.24,0.7,-0.33,0.76,-0.42,0.84,-0.53,0.93,-0.64,0.22,-1.61,0.19,-1.6,0.17,-1.59,0.16,-1.59,0.15,-1.58,0.15,-1.57,0.15,-1.56,0.19,-1.5,0.24,-1.44,0.29,-1.36,0.34,-1.27,0.39,-1.18,0.41,-1.13,0.43,-1.08,0.43,-1.04,0.44,-1,0.44,-0.96,0.43,-0.92,0.43,-0.88,0.41,-0.84,0.4,-0.8,0.38,-0.76,0.36,-0.72,0.34,-0.67,0.31,-0.63,0.28,-0.59,0.25,-0.54,0.21,-0.5,0.17,-0.45,0.12,-0.41,0.03,-0.31,0.14,-0.18,0.23,-0.06,0.4,0.14,0.53,0.3,0.59,0.38,0.64,0.45,0.58,0.42,0.52,0.4,0.46,0.39,0.4,0.38,0.35,0.38,0.31,0.39,0.27,0.4,0.23,0.42,0.2,0.44,0.16,0.47,0.13,0.5,0.11,0.53,0.08,0.56,0.06,0.6,0.04,0.64,0.03,0.68,0.02,0.72,0.01,0.76,0,0.8,0,0.85,0,0.88,0.01,0.9,0.01,0.93,0.02,0.96,0.03,0.99,0.04,1.01,0.07,1.07,0.11,1.13,0.15,1.18,0.2,1.23,0.25,1.28,0.34,1.36,0.38,1.39,0.42,1.41,0.48,1.45,0.52,1.47,0.55,1.48,0.57,1.48,0.58,1.48,0.59,1.48,0.6,1.47,0.6,1.46,0.54,1.4,0.49,1.34,0.45,1.28,0.41,1.22,0.39,1.17,0.37,1.11,0.36,1.06,0.35,1,0.35,0.97,0.36,0.94,0.37,0.91,0.38,0.88,0.39,0.86,0.41,0.83,0.43,0.81,0.45,0.79,0.48,0.78,0.51,0.76,0.54,0.75,0.57,0.74,0.6,0.73,0.64,0.72,0.67,0.72,0.71,0.72,0.75,0.72,0.79,0.72,0.84,0.73,0.88,0.74,0.92,0.75,0.96,0.76,1.01,0.78,1.05,0.8
opus HEAD_WHOLE 5 0,-0,0,0.03,0,0.06,0.01,0.09,0.02,0.12,0.03,0.15,0.04,0.17,0.05,0.2,0.07,0.22,0.1,0.27,0.15,0.32,0.2,0.36,0.26,0.39,0.32,0.43,0.39,0.46,0.47,0.48,0.55,0.5,0.63,0.52,0.72,0.53,0.81,0.54,0.91,0.54,1.01,0.54,1.11,0.53,1.21,0.52,1.3,0.5,1.38,0.48,1.46,0.46,1.53,0.43,1.6,0.4,1.66,0.36,1.71,0.32,1.76,0.27,1.77,0.25,1.79,0.23,1.81,0.2,1.82,0.18,1.83,0.15,1.84,0.12,1.85,0.09,1.86,0.07,1.86,0.04,1.86,0.01,1.86,-0.02,1.86,-0.05,1.85,-0.08,1.84,-0.11,1.83,-0.13,1.82,-0.16,1.8,-0.19,1.78,-0.21,1.74,-0.26,1.69,-0.3,1.63,-0.34,1.57,-0.38,1.51,-0.42,1.43,-0.45,1.36,-0.47,1.28,-0.5,1.2,-0.51,1.12,-0.53,1.03,-0.54,0.95,-0.54,0.86,-0.54,0.77,-0.53,0.68,-0.52,0.6,-0.5,0.51,-0.48,0.44,-0.45,0.36,-0.42,0.29,-0.39,0.23,-0.35,0.17,-0.31,0.12,-0.27,0.08,-0.22,0.06,-0.19,0.05,-0.17,0.03,-0.14,0.02,-0.11,0.01,-0.09,0.01,-0.06,0,-0.03,0,-0|1.43,0.2,1.42,0.24,1.41,0.28,1.39,0.31,1.37,0.34,1.35,0.36,1.32,0.38,1.29,0.4,1.26,0.41,1.23,0.43,1.2,0.43,1.16,0.44,1.12,0.45,1.04,0.45,0.96,0.45,0.91,0.45,0.86,0.44,0.82,0.42,0.77,0.4,0.72,0.38,0.68,0.35,0.64,0.31,0.6,0.27,0.56,0.23,0.53,0.18,0.5,0.13,0.48,0.08,0.46,0.03,0.45,-0.03,0.44,-0.09,0.44,-0.14,0.44,-0.18,0.44,-0.22,0.45,-0.25,0.46,-0.28,0.47,-0.31,0.49,-0.33,0.51,-0.35,0.53,-0.37,0.56,-0.39,0.59,-0.41,0.62,-0.42,0.65,-0.43,0.69,-0.44,0.73,-0.45,0.77,-0.45,0.82,-0.45,0.87,-0.45,0.91,-0.44,0.95,-0.44,0.99,-0.43,1.03,-0.42,1.07,-0.4,1.1,-0.39,1.13,-0.37,1.16,-0.35,1.19,-0.32,1.22,-0.29,1.24,-0.26,1.27,-0.23,1.29,-0.19,1.34,-0.11,1.38,-0.02,1.39,0.02,1.41,0.06,1.42,0.1,1.43,0.13,1.43,0.17,1.43,0.2
opus DOT 4 0.1,-0.06,0.1,-0.03,0.11,0,0.12,0.03,0.14,0.05,0.17,0.07,0.19,0.08,0.22,0.09,0.26,0.1,0.29,0.09,0.32,0.08,0.34,0.07,0.37,0.05,0.39,0.03,0.4,0,0.41,-0.03,0.41,-0.06,0.41,-0.09,0.4,-0.12,0.39,-0.14,0.37,-0.17,0.34,-0.19,0.32,-0.2,0.29,-0.21,0.26,-0.21,0.22,-0.21,0.19,-0.2,0.17,-0.19,0.14,-0.17,0.12,-0.14,0.11,-0.12,0.1,-0.09,0.1,-0.06
opus ARTICULATION:marcato 4 1.12,-0,0.54,-0.99,0,-0,0.11,-0,0.46,-0.62,0.85,-0,1.12,-0
opus NATURAL 4 0.71,1.36,0.71,-0.78,0.1,-0.57,0.1,-1.37,0,-1.37,0,0.78,0.61,0.56,0.61,1.36,0.71,1.36|0.1,-0.24,0.61,-0.43,0.61,0.24,0.1,0.42,0.1,-0.24
opus REST_1 3 0,-0,1.12,-0,1.12,-0.48,0,-0.48,0,-0
opus TIME_DIGIT:4 2 1.57,0.5,1.57,0.33,1.32,0.33,1.32,-0.57,0.82,-0.12,0.82,0.33,0.28,0.33,0.3,0.27,0.34,0.21,0.39,0.14,0.44,0.06,0.51,-0.02,0.59,-0.11,0.67,-0.2,0.77,-0.3,0.85,-0.39,0.93,-0.47,1,-0.56,1.06,-0.64,1.1,-0.72,1.14,-0.79,1.17,-0.87,1.18,-0.9,1.19,-0.94,0.51,-0.94,0.5,-0.86,0.49,-0.78,0.47,-0.7,0.45,-0.62,0.42,-0.53,0.4,-0.44,0.37,-0.35,0.33,-0.27,0.3,-0.18,0.26,-0.1,0.22,-0.01,0.18,0.06,0.13,0.14,0.09,0.21,0.04,0.28,0,0.34,0,0.5,0.82,0.5,0.81,0.67,0.81,0.71,0.8,0.74,0.79,0.76,0.78,0.77,0.75,0.78,0.73,0.79,0.7,0.8,0.66,0.81,0.62,0.82,0.58,0.82,0.57,0.93,1.56,0.93,1.54,0.82,1.42,0.8,1.38,0.8,1.35,0.78,1.34,0.77,1.33,0.77,1.32,0.76,1.32,0.74,1.31,0.72,1.31,0.68,1.31,0.65,1.32,0.6,1.32,0.5,1.57,0.5
opus SHARP 2 0.69,0.28,0.31,0.41,0.31,-0.28,0.69,-0.41,0.69,0.28|0.69,-1.38,0.69,-0.78,0.31,-0.65,0.31,-1.25,0.21,-1.25,0.21,-0.62,0,-0.55,0,-0.19,0.21,-0.26,0.21,0.44,0,0.5,0,0.87,0.21,0.8,0.21,1.37,0.31,1.37,0.31,0.77,0.69,0.64,0.69,1.24,0.79,1.24,0.79,0.62,1,0.55,1,0.18,0.79,0.25,0.79,-0.44,1,-0.51,1,-0.87,0.79,-0.8,0.79,-1.38,0.69,-1.38
opus-special DOT 1552 0,-0.19,-0.04,-0.19,-0.07,-0.18,-0.1,-0.16,-0.13,-0.13,-0.15,-0.11,-0.17,-0.07,-0.18,-0.04,-0.18,-0,-0.18,0.04,-0.17,0.07,-0.15,0.1,-0.13,0.13,-0.1,0.15,-0.07,0.17,-0.04,0.18,0,0.18,0.04,0.18,0.07,0.17,0.11,0.15,0.13,0.13,0.16,0.1,0.18,0.07,0.19,0.04,0.19,-0,0.19,-0.04,0.18,-0.07,0.16,-0.11,0.13,-0.13,0.11,-0.16,0.07,-0.18,0.04,-0.19,0,-0.19
opus-special DOT 939 -0,-0.19,-0.04,-0.19,-0.07,-0.18,-0.1,-0.16,-0.13,-0.13,-0.15,-0.11,-0.17,-0.07,-0.18,-0.04,-0.18,-0,-0.18,0.03,-0.17,0.07,-0.15,0.1,-0.13,0.13,-0.1,0.15,-0.07,0.17,-0.04,0.18,-0,0.18,0.04,0.18,0.07,0.17,0.1,0.15,0.13,0.13,0.16,0.1,0.17,0.07,0.18,0.03,0.19,-0,0.18,-0.04,0.17,-0.07,0.16,-0.11,0.13,-0.13,0.1,-0.16,0.07,-0.18,0.04,-0.19,-0,-0.19
opus-special ? 93 1.47,-1.28,1.43,-1.17,1.38,-1.07,1.33,-0.97,1.27,-0.88,1.24,-0.84,1.21,-0.79,1.18,-0.75,1.14,-0.71,1.1,-0.68,1.07,-0.64,1.03,-0.61,0.99,-0.57,0.94,-0.54,0.9,-0.51,0.85,-0.48,0.8,-0.46,0.75,-0.43,0.7,-0.41,0.65,-0.39,0.59,-0.37,0.53,-0.35,0.47,-0.33,0.41,-0.31,0.34,-0.3,0.28,-0.29,0.21,-0.28,0.13,-0.27,0.06,-0.26,0.05,-0.26,0.04,-0.26,0.03,-0.25,0.03,-0.24,0.02,-0.23,0.01,-0.2,0.01,-0.18,0,-0.15,0,-0.12,0,-0.09,0.01,-0.07,0.01,-0.05,0.02,-0.03,0.03,-0.01,0.04,-0.01,0.05,-0,0.07,-0,0.08,-0,0.16,-0.01,0.24,-0.02,0.31,-0.04,0.39,-0.06,0.46,-0.08,0.53,-0.1,0.6,-0.13,0.66,-0.16,0.72,-0.19,0.78,-0.22,0.84,-0.25,0.9,-0.29,0.95,-0.33,1,-0.37,1.05,-0.41,1.1,-0.45,1.14,-0.5,1.19,-0.54,1.23,-0.59,1.27,-0.64,1.3,-0.69,1.34,-0.73,1.37,-0.78,1.4,-0.84,1.46,-0.94,1.51,-1.05,1.56,-1.15,1.59,-1.26,1.6,-1.26,1.6,-1.28,1.6,-1.29,1.59,-1.31,1.59,-1.32,1.58,-1.32,1.57,-1.33,1.56,-1.34,1.55,-1.34,1.54,-1.34,1.53,-1.34,1.52,-1.34,1.5,-1.32,1.49,-1.31,1.48,-1.3,1.47,-1.28
opus-special ? 87 1.48,-0.06,1.49,-0.03,1.5,-0.02,1.51,-0.01,1.52,-0,1.53,0,1.54,0,1.55,0,1.56,0,1.58,-0,1.59,-0.01,1.6,-0.02,1.61,-0.03,1.61,-0.05,1.61,-0.06,1.61,-0.08,1.57,-0.18,1.52,-0.29,1.47,-0.4,1.42,-0.51,1.38,-0.56,1.35,-0.61,1.32,-0.67,1.28,-0.72,1.24,-0.77,1.2,-0.82,1.11,-0.92,1.06,-0.96,1.01,-1.01,0.96,-1.05,0.91,-1.09,0.85,-1.13,0.79,-1.17,0.73,-1.21,0.67,-1.24,0.6,-1.27,0.54,-1.3,0.47,-1.33,0.39,-1.35,0.32,-1.37,0.24,-1.39,0.16,-1.4,0.08,-1.42,0.06,-1.41,0.04,-1.4,0.03,-1.39,0.02,-1.37,0.01,-1.35,0.01,-1.33,0,-1.31,0,-1.29,0.01,-1.27,0.02,-1.23,0.03,-1.22,0.04,-1.2,0.05,-1.2,0.07,-1.19,0.14,-1.18,0.22,-1.17,0.29,-1.16,0.35,-1.15,0.42,-1.13,0.48,-1.11,0.54,-1.09,0.6,-1.07,0.66,-1.04,0.71,-1.02,0.77,-0.99,0.82,-0.96,0.86,-0.92,0.91,-0.89,0.96,-0.86,1,-0.82,1.08,-0.74,1.15,-0.65,1.19,-0.61,1.22,-0.56,1.28,-0.47,1.34,-0.37,1.39,-0.27,1.44,-0.17,1.48,-0.06
opus-special ? 85 1.48,-0.06,1.49,-0.03,1.5,-0.02,1.51,-0.01,1.52,-0,1.53,0,1.54,0,1.55,0,1.56,0,1.58,-0,1.59,-0.01,1.6,-0.02,1.61,-0.03,1.61,-0.05,1.61,-0.06,1.61,-0.08,1.57,-0.18,1.52,-0.29,1.47,-0.4,1.42,-0.51,1.38,-0.56,1.35,-0.61,1.32,-0.67,1.28,-0.72,1.24,-0.77,1.2,-0.82,1.11,-0.92,1.06,-0.96,1.01,-1.01,0.96,-1.05,0.91,-1.09,0.85,-1.13,0.79,-1.17,0.73,-1.21,0.67,-1.24,0.6,-1.27,0.54,-1.3,0.47,-1.33,0.39,-1.35,0.32,-1.37,0.24,-1.39,0.16,-1.4,0.08,-1.42,0.06,-1.41,0.04,-1.4,0.03,-1.39,0.02,-1.37,0.01,-1.35,0.01,-1.33,0,-1.31,0,-1.3,0.01,-1.27,0.02,-1.23,0.03,-1.22,0.04,-1.2,0.05,-1.2,0.07,-1.19,0.14,-1.18,0.22,-1.17,0.29,-1.16,0.35,-1.15,0.42,-1.13,0.48,-1.11,0.54,-1.09,0.6,-1.07,0.66,-1.04,0.71,-1.02,0.77,-0.99,0.82,-0.96,0.86,-0.92,0.91,-0.89,0.96,-0.86,1,-0.82,1.08,-0.74,1.15,-0.65,1.19,-0.61,1.22,-0.56,1.28,-0.47,1.34,-0.37,1.39,-0.27,1.44,-0.17,1.48,-0.06
opus-special IGNORE 78 1.66,-1.24,1.53,-1.4,-0.09,-0.12,0.04,0.04,1.66,-1.24
opus-special ? 66 1.47,-1.28,1.43,-1.17,1.38,-1.07,1.33,-0.97,1.27,-0.88,1.24,-0.84,1.21,-0.79,1.18,-0.75,1.14,-0.71,1.1,-0.68,1.07,-0.64,1.03,-0.61,0.99,-0.57,0.94,-0.54,0.9,-0.51,0.85,-0.48,0.8,-0.46,0.75,-0.43,0.7,-0.41,0.65,-0.39,0.59,-0.37,0.53,-0.35,0.47,-0.33,0.41,-0.31,0.34,-0.3,0.28,-0.29,0.21,-0.28,0.13,-0.27,0.06,-0.26,0.05,-0.26,0.04,-0.26,0.03,-0.25,0.03,-0.24,0.02,-0.23,0.01,-0.2,0.01,-0.18,0,-0.15,0,-0.12,0,-0.09,0.01,-0.07,0.01,-0.05,0.02,-0.03,0.03,-0.01,0.04,-0.01,0.05,-0,0.07,-0,0.08,-0,0.16,-0.01,0.24,-0.02,0.31,-0.04,0.39,-0.06,0.46,-0.08,0.53,-0.1,0.6,-0.13,0.66,-0.16,0.72,-0.19,0.78,-0.22,0.84,-0.25,0.9,-0.29,0.95,-0.33,1,-0.37,1.05,-0.41,1.1,-0.45,1.14,-0.5,1.19,-0.54,1.23,-0.59,1.27,-0.64,1.3,-0.69,1.34,-0.73,1.37,-0.78,1.4,-0.84,1.46,-0.94,1.51,-1.05,1.56,-1.15,1.59,-1.26,1.6,-1.27,1.6,-1.29,1.6,-1.3,1.59,-1.31,1.59,-1.32,1.58,-1.32,1.56,-1.34,1.55,-1.34,1.54,-1.34,1.53,-1.34,1.52,-1.34,1.51,-1.33,1.5,-1.32,1.49,-1.31,1.48,-1.3,1.47,-1.28
opus-special BAR_REPEAT 27 0,-0,0.5,-0,2.5,-2,2,-2,0,-0|0.88,-0,1.38,-0,3.38,-2,2.88,-2,0.88,-0,0.88,-0|0.37,-1.5,0.37,-1.47,0.37,-1.44,0.38,-1.42,0.38,-1.39,0.4,-1.37,0.41,-1.35,0.43,-1.32,0.46,-1.3,0.47,-1.28,0.49,-1.27,0.51,-1.27,0.52,-1.26,0.57,-1.25,0.62,-1.24,0.67,-1.25,0.71,-1.26,0.73,-1.27,0.75,-1.27,0.76,-1.28,0.78,-1.3,0.8,-1.32,0.82,-1.35,0.84,-1.37,0.85,-1.39,0.86,-1.42,0.86,-1.44,0.87,-1.47,0.87,-1.5,0.87,-1.52,0.86,-1.55,0.86,-1.57,0.85,-1.59,0.84,-1.61,0.83,-1.63,0.81,-1.65,0.79,-1.67,0.78,-1.69,0.76,-1.7,0.74,-1.71,0.72,-1.72,0.69,-1.73,0.67,-1.74,0.65,-1.75,0.62,-1.75,0.59,-1.75,0.57,-1.74,0.54,-1.74,0.52,-1.73,0.5,-1.71,0.47,-1.7,0.45,-1.68,0.42,-1.65,0.41,-1.64,0.4,-1.63,0.39,-1.61,0.38,-1.59,0.37,-1.55,0.37,-1.5,0.37,-1.5|2.53,-0.58,2.53,-0.55,2.53,-0.52,2.54,-0.5,2.54,-0.47,2.56,-0.45,2.57,-0.43,2.59,-0.4,2.62,-0.38,2.63,-0.37,2.65,-0.35,2.67,-0.35,2.69,-0.34,2.73,-0.33,2.78,-0.32,2.83,-0.33,2.87,-0.34,2.89,-0.35,2.91,-0.35,2.92,-0.37,2.94,-0.38,2.96,-0.4,2.98,-0.43,3,-0.45,3.01,-0.47,3.02,-0.5,3.02,-0.52,3.03,-0.55,3.03,-0.58,3.03,-0.6,3.02,-0.63,3.02,-0.65,3.01,-0.67,3,-0.69,2.99,-0.71,2.97,-0.73,2.96,-0.75,2.94,-0.77,2.92,-0.78,2.9,-0.79,2.88,-0.8,2.85,-0.81,2.83,-0.82,2.81,-0.83,2.78,-0.83,2.75,-0.83,2.73,-0.82,2.7,-0.82,2.68,-0.81,2.66,-0.79,2.63,-0.78,2.61,-0.76,2.58,-0.73,2.57,-0.72,2.56,-0.71,2.55,-0.69,2.54,-0.67,2.53,-0.63,2.53,-0.58
opus-special IGNORE 20 1.84,-1.82,1.84,-2.41,0,-0.57,0,0.01,1.84,-1.82
opus-special HEAD_X 18 0.52,0.55,0.59,0.55,0.66,0.54,0.74,0.52,0.81,0.5,0.88,0.47,0.95,0.44,1.01,0.4,1.07,0.35,1.13,0.3,1.18,0.25,1.23,0.19,1.27,0.13,1.29,0.1,1.3,0.07,1.31,0.04,1.32,0.01,1.33,-0.02,1.34,-0.06,1.34,-0.09,1.34,-0.12,1.34,-0.17,1.33,-0.21,1.32,-0.26,1.3,-0.3,1.28,-0.34,1.25,-0.37,1.22,-0.4,1.19,-0.44,1.15,-0.46,1.11,-0.49,1.07,-0.51,1.02,-0.53,0.97,-0.54,0.92,-0.55,0.87,-0.56,0.81,-0.56,0.74,-0.56,0.66,-0.55,0.59,-0.53,0.52,-0.5,0.45,-0.47,0.38,-0.44,0.32,-0.4,0.26,-0.36,0.2,-0.31,0.15,-0.25,0.1,-0.2,0.07,-0.14,0.05,-0.11,0.04,-0.08,0.02,-0.04,0.01,-0.01,0.01,0.02,0,0.05,-0,0.09,-0,0.12,-0,0.17,0.01,0.22,0.02,0.26,0.04,0.3,0.06,0.34,0.08,0.38,0.11,0.41,0.15,0.44,0.18,0.47,0.22,0.49,0.27,0.51,0.31,0.52,0.36,0.54,0.41,0.55,0.46,0.55,0.52,0.55|0.82,-0.48,0.86,-0.47,0.9,-0.47,0.94,-0.46,0.98,-0.46,1.01,-0.44,1.05,-0.43,1.08,-0.41,1.11,-0.4,0.68,-0.1,0.47,-0.39,0.51,-0.41,0.56,-0.43,0.6,-0.44,0.64,-0.45,0.68,-0.46,0.73,-0.47,0.77,-0.47,0.82,-0.48,0.82,-0.48|1.18,-0.32,1.2,-0.3,1.21,-0.28,1.23,-0.25,1.24,-0.23,1.25,-0.2,1.25,-0.17,1.25,-0.14,1.26,-0.12,1.25,-0.09,1.25,-0.06,1.25,-0.03,1.24,0,1.23,0.03,1.22,0.06,1.2,0.09,1.19,0.11,1.15,0.17,1.1,0.22,1.05,0.27,0.98,0.32,0.74,-0.01,1.18,-0.32,1.18,-0.32|0.38,-0.34,0.59,-0.04,0.13,0.28,0.11,0.24,0.1,0.2,0.09,0.15,0.08,0.11,0.08,0.08,0.09,0.05,0.09,0.02,0.1,-0.01,0.11,-0.04,0.12,-0.07,0.14,-0.1,0.16,-0.13,0.18,-0.16,0.2,-0.18,0.25,-0.24,0.31,-0.29,0.38,-0.34,0.38,-0.34|0.65,0.04,0.88,0.38,0.84,0.4,0.8,0.42,0.75,0.43,0.7,0.44,0.66,0.45,0.61,0.46,0.56,0.47,0.51,0.47,0.46,0.47,0.42,0.46,0.37,0.45,0.33,0.44,0.29,0.43,0.26,0.41,0.23,0.39,0.2,0.36,0.65,0.04
opus-special IGNORE 12 0,-0.5,0,-0,1.28,-0.32,1.28,-0.82,0,-0.5
opus-special ? 9 1.82,-1.51,1.82,-1.53,1.81,-1.54,1.81,-1.54,1.79,-1.55,1.77,-1.55,1.75,-1.55,1.72,-1.53,1.67,-1.5,1.63,-1.46,1.51,-1.38,1.38,-1.29,1.3,-1.24,1.23,-1.2,1.15,-1.15,1.07,-1.11,0.99,-1.07,0.91,-1.04,0.83,-1,0.74,-0.97,0.66,-0.94,0.57,-0.92,0.48,-0.89,0.38,-0.87,0.29,-0.85,0.2,-0.83,0.1,-0.82,0,-0.8,0,0.12,0.5,0.12,0.5,-0.24,0.59,-0.28,0.67,-0.33,0.76,-0.39,0.84,-0.45,1,-0.57,1.13,-0.69,1.27,-0.82,1.42,-0.96,1.51,-1.06,1.59,-1.15,1.66,-1.23,1.72,-1.3,1.76,-1.37,1.79,-1.43,1.81,-1.45,1.81,-1.47,1.82,-1.49,1.82,-1.51
opus-special ? 9 1.82,1.51,1.82,1.49,1.81,1.47,1.81,1.45,1.79,1.42,1.76,1.37,1.72,1.3,1.66,1.23,1.59,1.15,1.51,1.05,1.42,0.96,1.27,0.82,1.13,0.69,1.01,0.59,0.9,0.49,0.79,0.41,0.69,0.34,0.59,0.29,0.5,0.24,0.5,-0.12,0,-0.12,0,0.8,0.1,0.81,0.2,0.83,0.29,0.85,0.38,0.87,0.48,0.89,0.57,0.92,0.66,0.94,0.74,0.97,0.83,1,0.91,1.04,0.99,1.07,1.07,1.11,1.15,1.15,1.23,1.19,1.3,1.24,1.38,1.29,1.51,1.38,1.62,1.47,1.67,1.5,1.71,1.53,1.75,1.54,1.77,1.55,1.79,1.55,1.81,1.54,1.81,1.53,1.82,1.53,1.82,1.51
opus-special IGNORE 3 0.66,1.06,0.6,1.01,0.55,0.96,0.5,0.91,0.46,0.86,0.41,0.81,0.38,0.75,0.35,0.69,0.32,0.63,0.29,0.57,0.27,0.5,0.26,0.43,0.24,0.35,0.23,0.27,0.23,0.19,0.22,0.1,0.22,-0,0.22,-0.09,0.23,-0.18,0.24,-0.27,0.25,-0.35,0.26,-0.43,0.28,-0.5,0.3,-0.57,0.33,-0.64,0.36,-0.7,0.39,-0.77,0.43,-0.82,0.47,-0.88,0.51,-0.93,0.56,-0.98,0.61,-1.02,0.66,-1.06,0.63,-1.1,0.56,-1.05,0.48,-1,0.42,-0.94,0.36,-0.88,0.3,-0.82,0.25,-0.76,0.2,-0.7,0.16,-0.63,0.12,-0.56,0.09,-0.49,0.06,-0.41,0.04,-0.33,0.02,-0.25,0.01,-0.17,0,-0.09,0,-0,0,0.08,0.01,0.16,0.02,0.24,0.04,0.32,0.06,0.39,0.09,0.47,0.12,0.54,0.16,0.61,0.2,0.68,0.25,0.74,0.3,0.81,0.36,0.87,0.42,0.93,0.48,0.99,0.56,1.04,0.63,1.1,0.66,1.06
opus-special IGNORE 3 0.03,1.1,0.1,1.04,0.18,0.99,0.24,0.93,0.3,0.87,0.36,0.81,0.41,0.74,0.46,0.68,0.5,0.61,0.54,0.54,0.57,0.47,0.6,0.39,0.62,0.32,0.64,0.24,0.65,0.16,0.66,0.08,0.66,-0,0.66,-0.09,0.65,-0.17,0.64,-0.25,0.62,-0.33,0.6,-0.41,0.57,-0.49,0.54,-0.56,0.5,-0.63,0.46,-0.7,0.41,-0.76,0.36,-0.82,0.3,-0.88,0.24,-0.94,0.18,-1,0.1,-1.05,0.03,-1.1,0,-1.06,0.05,-1.02,0.1,-0.98,0.15,-0.93,0.19,-0.88,0.23,-0.82,0.27,-0.77,0.3,-0.7,0.33,-0.64,0.36,-0.57,0.38,-0.5,0.4,-0.43,0.41,-0.35,0.42,-0.27,0.43,-0.18,0.44,-0.09,0.44,-0,0.44,0.1,0.43,0.19,0.43,0.27,0.42,0.35,0.4,0.43,0.38,0.5,0.36,0.57,0.34,0.63,0.31,0.69,0.28,0.75,0.24,0.81,0.2,0.86,0.16,0.91,0.11,0.96,0.06,1.01,0,1.06,0.03,1.1
opus-special HEAD_X 3 0.52,0.55,0.59,0.55,0.66,0.54,0.74,0.52,0.81,0.5,0.88,0.47,0.95,0.44,1.01,0.4,1.07,0.35,1.13,0.3,1.18,0.25,1.23,0.19,1.27,0.13,1.29,0.1,1.3,0.07,1.31,0.04,1.32,0.01,1.33,-0.02,1.34,-0.06,1.34,-0.09,1.34,-0.12,1.34,-0.17,1.33,-0.21,1.32,-0.26,1.3,-0.3,1.28,-0.34,1.25,-0.37,1.22,-0.4,1.19,-0.44,1.15,-0.46,1.11,-0.49,1.07,-0.51,1.02,-0.53,0.97,-0.54,0.92,-0.55,0.86,-0.56,0.79,-0.56,0.73,-0.56,0.66,-0.54,0.59,-0.53,0.52,-0.5,0.45,-0.47,0.38,-0.44,0.32,-0.4,0.26,-0.36,0.2,-0.31,0.15,-0.25,0.1,-0.2,0.07,-0.14,0.05,-0.11,0.04,-0.08,0.02,-0.04,0.01,-0.01,0.01,0.02,0,0.05,-0,0.09,-0,0.12,-0,0.17,0.01,0.22,0.02,0.26,0.04,0.3,0.06,0.34,0.08,0.38,0.11,0.41,0.15,0.44,0.18,0.47,0.22,0.49,0.27,0.51,0.31,0.52,0.36,0.54,0.41,0.55,0.46,0.55,0.52,0.55|0.82,-0.48,0.86,-0.47,0.9,-0.47,0.94,-0.46,0.98,-0.46,1.01,-0.44,1.05,-0.43,1.08,-0.41,1.11,-0.4,0.68,-0.1,0.47,-0.39,0.51,-0.41,0.56,-0.43,0.6,-0.44,0.64,-0.45,0.68,-0.46,0.73,-0.47,0.77,-0.47,0.82,-0.48,0.82,-0.48|1.18,-0.32,1.2,-0.3,1.21,-0.28,1.23,-0.25,1.24,-0.23,1.25,-0.2,1.25,-0.17,1.25,-0.14,1.26,-0.12,1.25,-0.09,1.25,-0.06,1.25,-0.03,1.24,0,1.23,0.03,1.22,0.06,1.2,0.09,1.19,0.11,1.15,0.17,1.1,0.22,1.05,0.27,0.98,0.32,0.74,-0.01,1.18,-0.32,1.18,-0.32|0.38,-0.34,0.59,-0.04,0.13,0.28,0.11,0.24,0.1,0.2,0.09,0.15,0.08,0.11,0.08,0.08,0.09,0.05,0.09,0.02,0.1,-0.01,0.11,-0.04,0.12,-0.07,0.14,-0.1,0.16,-0.13,0.18,-0.16,0.2,-0.18,0.25,-0.24,0.31,-0.29,0.38,-0.34,0.38,-0.34|0.65,0.04,0.88,0.38,0.84,0.4,0.8,0.42,0.75,0.43,0.7,0.44,0.66,0.45,0.61,0.46,0.56,0.47,0.51,0.47,0.46,0.47,0.42,0.46,0.37,0.45,0.33,0.44,0.29,0.43,0.26,0.41,0.23,0.39,0.2,0.36,0.65,0.04
opus-special IGNORE 1 0.66,1.06,0.6,1.01,0.55,0.96,0.5,0.91,0.46,0.86,0.41,0.81,0.38,0.75,0.35,0.69,0.32,0.63,0.29,0.57,0.27,0.5,0.26,0.43,0.24,0.35,0.23,0.26,0.22,0.12,0.22,-0.06,0.22,-0.28,0.22,-0.33,0.23,-0.39,0.23,-0.45,0.25,-0.5,0.26,-0.56,0.28,-0.61,0.3,-0.66,0.33,-0.71,0.36,-0.76,0.39,-0.8,0.43,-0.85,0.47,-0.9,0.51,-0.94,0.56,-0.98,0.61,-1.02,0.66,-1.06,0.63,-1.1,0.56,-1.05,0.48,-1,0.42,-0.94,0.36,-0.89,0.3,-0.83,0.25,-0.76,0.2,-0.7,0.16,-0.63,0.12,-0.57,0.09,-0.49,0.06,-0.42,0.04,-0.35,0.02,-0.27,0.01,-0.19,0,-0.1,0,-0.02,0,0.07,0.01,0.15,0.02,0.23,0.04,0.31,0.06,0.39,0.09,0.46,0.12,0.53,0.16,0.6,0.2,0.67,0.25,0.74,0.3,0.8,0.36,0.87,0.42,0.93,0.48,0.99,0.56,1.04,0.63,1.1,0.66,1.06
opus-special IGNORE 1 0.03,1.1,0.1,1.04,0.18,0.99,0.24,0.93,0.3,0.87,0.36,0.8,0.41,0.74,0.46,0.67,0.5,0.6,0.54,0.53,0.57,0.46,0.6,0.39,0.62,0.31,0.64,0.23,0.65,0.15,0.66,0.07,0.66,-0.02,0.66,-0.1,0.65,-0.19,0.64,-0.27,0.62,-0.35,0.6,-0.42,0.57,-0.49,0.54,-0.57,0.5,-0.63,0.46,-0.7,0.41,-0.76,0.36,-0.83,0.3,-0.89,0.24,-0.94,0.18,-1,0.1,-1.05,0.03,-1.1,0,-1.06,0.05,-1.02,0.1,-0.98,0.15,-0.94,0.19,-0.9,0.23,-0.85,0.27,-0.8,0.3,-0.76,0.33,-0.71,0.36,-0.66,0.38,-0.61,0.4,-0.56,0.41,-0.5,0.42,-0.45,0.43,-0.39,0.44,-0.34,0.44,-0.28,0.44,-0.06,0.43,0.12,0.43,0.25,0.42,0.35,0.4,0.43,0.38,0.5,0.36,0.57,0.34,0.63,0.31,0.69,0.28,0.75,0.24,0.81,0.2,0.86,0.16,0.91,0.11,0.96,0.06,1.01,0,1.06,0.03,1.1
opus-special IGNORE 1 0.84,-2,-0.16,-0,0.2,-0,1.18,-2,0.84,-2|1.6,-2,0.6,-0,0.96,-0,1.94,-2,1.6,-2
opus-special HEAD_HALF 1 0,0.14,0,0.17,0.01,0.2,0.02,0.23,0.03,0.26,0.04,0.28,0.06,0.3,0.08,0.32,0.11,0.34,0.13,0.36,0.16,0.37,0.19,0.38,0.22,0.39,0.26,0.4,0.29,0.4,0.33,0.4,0.37,0.4,0.43,0.4,0.49,0.4,0.55,0.38,0.62,0.37,0.68,0.35,0.73,0.32,0.79,0.29,0.84,0.26,0.88,0.22,0.93,0.18,0.96,0.14,0.99,0.1,1.02,0.05,1.04,0,1.05,-0.05,1.06,-0.1,1.05,-0.14,1.05,-0.17,1.04,-0.2,1.03,-0.23,1.01,-0.26,0.99,-0.28,0.97,-0.31,0.94,-0.33,0.91,-0.34,0.88,-0.36,0.85,-0.38,0.81,-0.39,0.78,-0.4,0.73,-0.4,0.69,-0.41,0.64,-0.41,0.59,-0.4,0.53,-0.4,0.47,-0.38,0.41,-0.36,0.36,-0.33,0.3,-0.31,0.25,-0.27,0.21,-0.24,0.16,-0.2,0.12,-0.15,0.09,-0.11,0.06,-0.06,0.03,-0.01,0.01,0.04,0,0.09,0,0.14|0.82,-0.32,0.86,-0.31,0.89,-0.31,0.92,-0.3,0.95,-0.28,0.96,-0.26,0.98,-0.24,0.99,-0.21,0.99,-0.18,0.99,-0.16,0.98,-0.14,0.97,-0.12,0.96,-0.1,0.94,-0.06,0.9,-0.02,0.85,0.02,0.8,0.06,0.75,0.1,0.69,0.14,0.63,0.18,0.56,0.21,0.5,0.24,0.44,0.27,0.38,0.29,0.33,0.3,0.28,0.31,0.24,0.32,0.2,0.31,0.16,0.31,0.13,0.3,0.11,0.28,0.09,0.26,0.08,0.24,0.07,0.21,0.07,0.18,0.07,0.14,0.09,0.11,0.11,0.07,0.13,0.04,0.19,-0.01,0.25,-0.06,0.31,-0.1,0.37,-0.14,0.43,-0.17,0.49,-0.21,0.55,-0.24,0.61,-0.26,0.67,-0.28,0.72,-0.3,0.77,-0.31,0.82,-0.32
