# Bravura (SIL Open Font License 1.1, see BRAVURA-LICENSE.txt), outlines in staff spaces
gClef 2.684 M1.504,-1.66 C1.496,-1.708,1.504,-1.712,1.528,-1.736 C1.592,-1.796,1.676,-1.88,1.752,-1.964 C2.088,-2.332,2.288,-2.808,2.288,-3.26 C2.288,-3.608,2.192,-3.952,2.028,-4.192 C1.968,-4.28,1.864,-4.392,1.82,-4.392 C1.764,-4.392,1.64,-4.288,1.56,-4.2 C1.264,-3.872,1.168,-3.372,1.168,-2.956 C1.168,-2.724,1.196,-2.464,1.224,-2.3 C1.232,-2.252,1.236,-2.244,1.188,-2.204 C0.932,-1.992,0.656,-1.748,0.448,-1.492 C0.172,-1.148,0,-0.776,0,-0.348 C0,0.348,0.476,1.008,1.456,1.008 C1.548,1.008,1.652,1,1.732,0.984 C1.776,0.976,1.784,0.972,1.792,1.02 C1.84,1.288,1.9,1.636,1.9,1.824 C1.9,2.416,1.5,2.488,1.264,2.488 C1.048,2.488,0.944,2.424,0.944,2.372 C0.944,2.344,0.98,2.332,1.072,2.304 C1.196,2.268,1.34,2.16,1.34,1.928 C1.34,1.708,1.2,1.52,0.956,1.52 C0.688,1.52,0.528,1.732,0.528,1.98 C0.528,2.24,0.684,2.632,1.288,2.632 C1.556,2.632,2.076,2.512,2.076,1.832 C2.076,1.604,2.004,1.224,1.96,0.976 C1.952,0.928,1.956,0.932,2.012,0.908 C2.416,0.748,2.684,0.408,2.684,-0.044 C2.684,-0.556,2.308,-1.008,1.72,-1.008 C1.616,-1.008,1.616,-1.008,1.604,-1.08 L1.504,-1.66 Z M1.88,-3.772 C2.012,-3.772,2.12,-3.664,2.12,-3.444 C2.12,-3.168,1.988,-2.912,1.676,-2.6 C1.612,-2.536,1.516,-2.444,1.424,-2.364 C1.396,-2.34,1.38,-2.344,1.372,-2.396 C1.356,-2.5,1.348,-2.636,1.348,-2.764 C1.348,-3.388,1.636,-3.772,1.88,-3.772 Z M1.444,-1.048 C1.456,-0.972,1.456,-0.976,1.384,-0.952 C1.032,-0.832,0.804,-0.516,0.804,-0.176 C0.804,0.184,0.992,0.44,1.264,0.532 C1.296,0.544,1.344,0.556,1.372,0.556 C1.404,0.556,1.42,0.536,1.42,0.512 C1.42,0.484,1.388,0.472,1.36,0.46 C1.192,0.388,1.072,0.216,1.072,0.032 C1.072,-0.196,1.228,-0.368,1.472,-0.436 C1.536,-0.452,1.544,-0.448,1.552,-0.404 L1.752,0.788 C1.76,0.832,1.756,0.832,1.696,0.844 C1.632,0.856,1.552,0.864,1.472,0.864 C0.772,0.864,0.32,0.476,0.32,-0.08 C0.32,-0.316,0.36,-0.632,0.692,-1.008 C0.932,-1.276,1.116,-1.424,1.304,-1.576 C1.344,-1.608,1.352,-1.604,1.36,-1.56 L1.444,-1.048 Z M1.72,-0.412 C1.712,-0.46,1.716,-0.472,1.764,-0.468 C2.088,-0.44,2.356,-0.168,2.356,0.184 C2.356,0.436,2.204,0.64,1.98,0.752 C1.932,0.776,1.924,0.776,1.916,0.728 L1.72,-0.412 Z
fClef 2.736 M1.008,-1.048 C0.312,-1.048,0,-0.54,0,-0.156 C0,0.164,0.168,0.44,0.492,0.44 C0.744,0.44,0.916,0.264,0.916,0.016 C0.916,-0.24,0.728,-0.4,0.532,-0.4 C0.424,-0.4,0.384,-0.372,0.332,-0.372 C0.28,-0.372,0.268,-0.404,0.268,-0.444 C0.268,-0.604,0.508,-0.896,0.916,-0.896 C1.34,-0.896,1.524,-0.48,1.524,0.148 C1.524,0.56,1.436,1.04,1.188,1.424 C0.948,1.796,0.536,2.136,0.04,2.42 C0.004,2.44,-0.02,2.46,-0.02,2.492 C-0.02,2.516,-0.004,2.54,0.032,2.54 C0.052,2.54,0.076,2.532,0.1,2.52 C0.632,2.26,1.144,1.956,1.568,1.5 C1.916,1.124,2.124,0.636,2.124,0.112 C2.124,-0.584,1.7,-1.048,1.008,-1.048 Z M2.516,-0.72 C2.392,-0.72,2.296,-0.624,2.296,-0.5 C2.296,-0.376,2.392,-0.28,2.516,-0.28 C2.64,-0.28,2.736,-0.376,2.736,-0.5 C2.736,-0.624,2.64,-0.72,2.516,-0.72 Z M2.52,0.284 C2.396,0.284,2.304,0.376,2.304,0.5 C2.304,0.624,2.396,0.716,2.52,0.716 C2.644,0.716,2.736,0.624,2.736,0.5 C2.736,0.376,2.644,0.284,2.52,0.284 Z
cClef 2.796 M0.92,-1.928 C0.92,-1.984,0.892,-2.012,0.836,-2.012 L0.832,-2.012 C0.776,-2.012,0.748,-1.984,0.748,-1.928 L0.748,1.928 C0.748,1.984,0.776,2.012,0.832,2.012 L0.836,2.012 C0.892,2.012,0.92,1.984,0.92,1.928 L0.92,0.176 C0.92,0.144,0.94,0.148,0.956,0.152 C1.06,0.18,1.228,0.284,1.312,0.736 C1.324,0.8,1.348,0.836,1.388,0.836 C1.432,0.836,1.452,0.796,1.472,0.728 C1.524,0.552,1.616,0.356,1.9,0.356 C2.16,0.356,2.232,0.612,2.232,1.136 C2.232,1.66,2.14,1.896,1.808,1.896 C1.72,1.896,1.64,1.884,1.576,1.864 C1.508,1.844,1.468,1.816,1.468,1.788 C1.468,1.768,1.532,1.744,1.576,1.728 C1.656,1.7,1.736,1.62,1.736,1.468 C1.736,1.292,1.62,1.192,1.464,1.192 C1.292,1.192,1.156,1.308,1.156,1.52 C1.156,1.772,1.376,2.024,1.852,2.024 C2.508,2.024,2.796,1.564,2.796,1.148 C2.796,0.596,2.492,0.212,1.96,0.212 C1.844,0.212,1.768,0.232,1.716,0.248 C1.696,0.256,1.672,0.26,1.652,0.26 C1.636,0.26,1.616,0.256,1.6,0.244 C1.544,0.208,1.456,0.08,1.456,-0 C1.456,-0.08,1.544,-0.208,1.6,-0.244 C1.616,-0.256,1.636,-0.26,1.652,-0.26 C1.672,-0.26,1.696,-0.256,1.716,-0.248 C1.768,-0.232,1.844,-0.212,1.96,-0.212 C2.492,-0.212,2.796,-0.596,2.796,-1.148 C2.796,-1.564,2.508,-2.024,1.852,-2.024 C1.376,-2.024,1.156,-1.772,1.156,-1.52 C1.156,-1.308,1.292,-1.192,1.464,-1.192 C1.62,-1.192,1.736,-1.292,1.736,-1.468 C1.736,-1.62,1.656,-1.7,1.576,-1.728 C1.532,-1.744,1.468,-1.768,1.468,-1.788 C1.468,-1.816,1.508,-1.844,1.576,-1.864 C1.64,-1.884,1.72,-1.896,1.808,-1.896 C2.14,-1.896,2.232,-1.66,2.232,-1.136 C2.232,-0.612,2.16,-0.356,1.9,-0.356 C1.616,-0.356,1.524,-0.552,1.472,-0.728 C1.452,-0.796,1.432,-0.836,1.388,-0.836 C1.348,-0.836,1.324,-0.8,1.312,-0.736 C1.228,-0.284,1.06,-0.18,0.956,-0.152 C0.94,-0.148,0.92,-0.144,0.92,-0.176 L0.92,-1.928 Z M0.084,-2.012 C0.028,-2.012,0,-1.984,0,-1.928 L0,1.928 C0,1.984,0.028,2.012,0.084,2.012 L0.428,2.012 C0.484,2.012,0.512,1.984,0.512,1.928 L0.512,-1.928 C0.512,-1.984,0.484,-2.012,0.428,-2.012 L0.084,-2.012 Z
noteheadBlack 1.18 M0.388,0.5 C0.744,0.5,1.18,0.172,1.18,-0.168 C1.18,-0.372,1.02,-0.5,0.792,-0.5 C0.352,-0.5,0,-0.176,0,0.168 C0,0.376,0.172,0.5,0.388,0.5 Z
noteheadHalf 1.18 M0.388,0.5 C1.048,0.5,1.18,-0.036,1.18,-0.168 C1.18,-0.372,1.016,-0.5,0.784,-0.5 C0.188,-0.5,0,-0.04,0,0.168 C0,0.38,0.168,0.5,0.388,0.5 Z M0.692,0.184 C0.512,0.304,0.388,0.348,0.3,0.348 C0.216,0.348,0.168,0.304,0.14,0.256 C0.128,0.232,0.116,0.204,0.116,0.176 C0.116,0.088,0.204,-0.02,0.48,-0.18 C0.68,-0.296,0.804,-0.336,0.884,-0.336 C0.96,-0.336,1.004,-0.3,1.032,-0.252 C1.044,-0.228,1.056,-0.204,1.056,-0.176 C1.056,-0.096,0.972,-0,0.692,0.184 Z
noteheadWhole 1.688 M0.864,-0.5 C0.332,-0.5,0,-0.28,0,-0.008 C0,0.26,0.228,0.5,0.824,0.5 C1.48,0.5,1.688,0.272,1.688,-0.008 C1.688,-0.292,1.236,-0.5,0.864,-0.5 Z M0.444,-0.252 C0.488,-0.392,0.636,-0.412,0.76,-0.412 C1.036,-0.412,1.256,-0.116,1.256,0.124 C1.256,0.152,1.252,0.176,1.248,0.2 C1.228,0.3,1.172,0.368,1.072,0.392 C1.032,0.404,0.988,0.408,0.948,0.408 C0.912,0.408,0.88,0.404,0.844,0.392 C0.776,0.372,0.712,0.336,0.656,0.288 C0.624,0.26,0.596,0.232,0.572,0.2 C0.492,0.108,0.432,-0.028,0.432,-0.156 C0.432,-0.188,0.436,-0.22,0.444,-0.252 Z
accidentalFlat 0.904 M0.048,0.68 C0.06,0.696,0.072,0.7,0.084,0.7 C0.096,0.7,0.108,0.692,0.108,0.692 C0.228,0.624,0.324,0.516,0.424,0.448 C0.78,0.2,0.904,-0.044,0.904,-0.228 C0.904,-0.456,0.728,-0.6,0.544,-0.612 C0.516,-0.612,0.488,-0.608,0.46,-0.6 C0.416,-0.588,0.368,-0.572,0.324,-0.544 C0.3,-0.524,0.256,-0.488,0.236,-0.488 C0.228,-0.488,0.224,-0.488,0.216,-0.492 C0.188,-0.504,0.172,-0.532,0.172,-0.56 C0.176,-0.648,0.2,-1.608,0.2,-1.688 C0.2,-1.732,0.164,-1.756,0.124,-1.756 C0.068,-1.756,0.004,-1.716,0,-1.644 C0,-1.644,0.016,0.64,0.048,0.68 Z M0.188,0.324 C0.188,0.324,0.176,0.084,0.176,-0.076 C0.176,-0.14,0.18,-0.188,0.184,-0.204 C0.2,-0.252,0.304,-0.34,0.36,-0.372 C0.396,-0.392,0.432,-0.4,0.464,-0.4 C0.504,-0.4,0.54,-0.384,0.564,-0.356 C0.604,-0.312,0.628,-0.244,0.628,-0.168 C0.628,-0.096,0.608,-0.012,0.56,0.072 C0.508,0.168,0.392,0.296,0.272,0.372 C0.256,0.38,0.244,0.384,0.232,0.384 C0.196,0.384,0.188,0.344,0.188,0.324 Z
accidentalNatural 0.672 M0.564,-0.724 C0.556,-0.724,0.552,-0.72,0.548,-0.72 C0.548,-0.72,0.292,-0.628,0.188,-0.628 C0.164,-0.628,0.148,-0.632,0.148,-0.648 L0.148,-1.316 C0.148,-1.344,0.124,-1.364,0.1,-1.364 L0.048,-1.364 C0.02,-1.364,0,-1.344,0,-1.316 L0,0.744 C0,0.768,0.012,0.78,0.032,0.78 C0.036,0.78,0.044,0.776,0.048,0.776 C0.048,0.776,0.056,0.776,0.06,0.772 C0.116,0.748,0.34,0.652,0.456,0.652 C0.496,0.652,0.524,0.664,0.524,0.696 L0.524,1.292 C0.524,1.32,0.544,1.34,0.572,1.34 L0.624,1.34 C0.648,1.34,0.672,1.32,0.672,1.292 L0.672,-0.716 C0.672,-0.736,0.656,-0.748,0.64,-0.748 C0.636,-0.748,0.628,-0.748,0.624,-0.744 L0.564,-0.724 Z M0.148,-0.156 C0.148,-0.212,0.392,-0.316,0.488,-0.316 C0.512,-0.316,0.524,-0.312,0.524,-0.296 L0.524,0.116 C0.524,0.188,0.296,0.28,0.196,0.28 C0.168,0.28,0.148,0.272,0.148,0.256 L0.148,-0.156 Z
accidentalSharp 0.996 M0.948,-0.472 C0.976,-0.484,0.996,-0.516,0.996,-0.54 L0.996,-0.824 C0.996,-0.844,0.984,-0.856,0.968,-0.856 C0.96,-0.856,0.956,-0.856,0.948,-0.852 C0.948,-0.852,0.868,-0.82,0.848,-0.816 C0.82,-0.816,0.792,-0.836,0.792,-0.868 L0.792,-1.356 C0.792,-1.38,0.768,-1.4,0.736,-1.4 C0.696,-1.4,0.672,-1.38,0.672,-1.356 L0.672,-0.836 C0.668,-0.796,0.656,-0.744,0.62,-0.72 C0.572,-0.692,0.436,-0.636,0.368,-0.62 C0.332,-0.62,0.32,-0.668,0.32,-0.7 L0.32,-1.18 C0.32,-1.204,0.292,-1.224,0.264,-1.224 C0.224,-1.224,0.2,-1.204,0.2,-1.18 L0.2,-0.64 C0.2,-0.584,0.176,-0.544,0.152,-0.532 C0.128,-0.52,0.048,-0.488,0.048,-0.488 C0.02,-0.48,0,-0.448,0,-0.424 L0,-0.14 C0,-0.116,0.012,-0.104,0.032,-0.104 C0.036,-0.104,0.044,-0.108,0.048,-0.108 C0.048,-0.108,0.108,-0.132,0.136,-0.148 C0.14,-0.148,0.144,-0.152,0.148,-0.152 C0.176,-0.152,0.2,-0.112,0.2,-0.08 L0.2,0.316 C0.2,0.36,0.18,0.396,0.156,0.408 C0.132,0.416,0.048,0.452,0.048,0.452 C0.02,0.46,0,0.492,0,0.516 L0,0.8 C0,0.824,0.012,0.836,0.032,0.836 C0.036,0.836,0.044,0.832,0.048,0.832 C0.048,0.832,0.104,0.808,0.14,0.796 C0.144,0.792,0.148,0.792,0.152,0.792 C0.18,0.792,0.2,0.836,0.2,0.856 L0.2,1.348 C0.2,1.372,0.224,1.392,0.252,1.392 C0.292,1.392,0.32,1.372,0.32,1.348 L0.32,0.792 C0.32,0.74,0.34,0.712,0.36,0.704 L0.604,0.604 C0.608,0.604,0.616,0.6,0.62,0.6 C0.652,0.6,0.672,0.648,0.672,0.672 L0.672,1.172 C0.672,1.196,0.696,1.216,0.724,1.216 C0.768,1.216,0.792,1.196,0.792,1.172 L0.792,0.604 C0.792,0.572,0.808,0.524,0.836,0.512 C0.864,0.5,0.948,0.468,0.948,0.468 C0.976,0.456,0.996,0.424,0.996,0.4 L0.996,0.116 C0.996,0.096,0.984,0.084,0.968,0.084 C0.96,0.084,0.956,0.084,0.948,0.088 L0.844,0.128 C0.82,0.128,0.792,0.104,0.792,0.056 L0.792,-0.316 C0.792,-0.344,0.812,-0.42,0.844,-0.432 L0.948,-0.472 Z M0.672,0.18 C0.648,0.26,0.46,0.34,0.368,0.34 C0.344,0.34,0.324,0.332,0.32,0.32 C0.312,0.304,0.308,0.216,0.308,0.12 C0.308,-0.004,0.312,-0.144,0.32,-0.176 C0.328,-0.244,0.512,-0.328,0.612,-0.328 C0.64,-0.328,0.664,-0.32,0.672,-0.304 C0.68,-0.284,0.688,-0.184,0.688,-0.076 C0.688,0.032,0.68,0.144,0.672,0.18 Z
restWhole 1.132 M1.128,0.436 L1.128,0.068 C1.128,0.008,1.08,-0.036,1.024,-0.036 L0.104,-0.036 C0.044,-0.036,0,0.008,0,0.068 L0,0.436 C0,0.492,0.044,0.54,0.104,0.54 L1.024,0.54 C1.08,0.54,1.128,0.492,1.128,0.436 Z
restHalf 1.132 M1.128,-0.096 L1.128,-0.464 C1.128,-0.524,1.08,-0.568,1.024,-0.568 L0.104,-0.568 C0.044,-0.568,0,-0.524,0,-0.464 L0,-0.096 C0,-0.04,0.044,0.008,0.104,0.008 L1.024,0.008 C1.08,0.008,1.128,-0.04,1.128,-0.096 Z
restQuarter 1.08 M0.312,0.152 C0.376,0.232,0.432,0.308,0.484,0.392 C0.492,0.408,0.508,0.44,0.508,0.448 C0.508,0.452,0.508,0.46,0.504,0.464 C0.496,0.48,0.48,0.484,0.46,0.484 C0.444,0.484,0.412,0.476,0.396,0.472 C0.376,0.472,0.352,0.46,0.332,0.46 C0.16,0.46,0.004,0.632,0.004,0.844 C0.004,1.044,0.176,1.24,0.468,1.464 C0.5,1.488,0.54,1.5,0.572,1.5 C0.6,1.5,0.628,1.492,0.632,1.476 C0.636,1.464,0.64,1.456,0.64,1.448 C0.64,1.412,0.608,1.38,0.576,1.352 C0.524,1.352,0.48,1.244,0.472,1.208 C0.46,1.176,0.456,1.14,0.456,1.104 C0.456,0.98,0.516,0.84,0.644,0.816 C0.664,0.812,0.684,0.812,0.708,0.812 C0.824,0.812,0.956,0.856,1.02,0.88 C1.024,0.88,1.028,0.884,1.032,0.884 C1.044,0.888,1.052,0.888,1.06,0.888 C1.072,0.888,1.08,0.884,1.08,0.872 C1.08,0.824,0.976,0.692,0.932,0.644 C0.78,0.46,0.656,0.312,0.656,0.088 C0.656,0.072,0.66,0.052,0.66,0.036 C0.676,-0.196,0.82,-0.388,0.924,-0.552 C0.936,-0.572,0.94,-0.592,0.94,-0.612 C0.94,-0.652,0.924,-0.688,0.924,-0.688 C0.924,-0.688,0.332,-1.392,0.264,-1.46 C0.244,-1.48,0.216,-1.492,0.192,-1.492 C0.152,-1.492,0.112,-1.464,0.112,-1.408 C0.112,-1.388,0.116,-1.368,0.128,-1.344 C0.144,-1.3,0.372,-1.096,0.372,-0.808 C0.372,-0.66,0.312,-0.488,0.132,-0.3 C0.092,-0.26,0.076,-0.216,0.076,-0.184 C0.076,-0.128,0.116,-0.088,0.116,-0.088 L0.312,0.152 Z
rest8th 1 M0.536,-0.428 C0.536,-0.576,0.416,-0.696,0.268,-0.696 C0.12,-0.696,0,-0.576,0,-0.428 C0,-0.344,0.048,-0.272,0.108,-0.224 C0.144,-0.2,0.18,-0.18,0.22,-0.172 C0.252,-0.164,0.288,-0.156,0.324,-0.156 C0.38,-0.156,0.436,-0.168,0.48,-0.184 C0.536,-0.2,0.572,-0.216,0.624,-0.244 C0.632,-0.248,0.64,-0.248,0.644,-0.248 C0.66,-0.248,0.664,-0.232,0.664,-0.212 C0.664,-0.2,0.664,-0.184,0.66,-0.168 C0.648,-0.108,0.36,0.688,0.288,0.952 C0.288,1,0.38,1.004,0.404,1.004 C0.448,1.004,0.504,0.996,0.544,0.964 C0.556,0.956,0.948,-0.448,0.948,-0.448 C0.964,-0.52,0.984,-0.584,0.988,-0.604 C0.988,-0.644,0.948,-0.664,0.94,-0.668 C0.932,-0.668,0.92,-0.668,0.896,-0.652 C0.868,-0.628,0.668,-0.388,0.536,-0.388 L0.536,-0.428 Z
rest16th 1.28 M0.832,-0.444 C0.832,-0.596,0.712,-0.716,0.56,-0.716 C0.412,-0.716,0.288,-0.596,0.288,-0.444 C0.288,-0.364,0.336,-0.288,0.4,-0.24 C0.432,-0.216,0.472,-0.196,0.512,-0.184 C0.54,-0.176,0.572,-0.172,0.608,-0.172 C0.664,-0.172,0.728,-0.184,0.776,-0.2 C0.832,-0.216,0.868,-0.232,0.92,-0.26 C0.932,-0.264,0.94,-0.268,0.948,-0.268 C0.96,-0.268,0.968,-0.26,0.968,-0.24 C0.968,-0.228,0.964,-0.208,0.956,-0.18 C0.948,-0.148,0.772,0.404,0.736,0.48 C0.704,0.556,0.596,0.604,0.54,0.604 C0.544,0.588,0.544,0.576,0.544,0.564 C0.544,0.412,0.42,0.292,0.272,0.292 C0.12,0.292,0,0.412,0,0.564 C0,0.644,0.048,0.72,0.112,0.768 C0.144,0.792,0.18,0.812,0.22,0.824 C0.252,0.832,0.284,0.836,0.32,0.836 C0.376,0.836,0.44,0.824,0.488,0.808 C0.544,0.792,0.568,0.78,0.62,0.752 C0.628,0.752,0.636,0.76,0.636,0.772 C0.636,0.776,0.632,0.78,0.632,0.784 L0.252,1.916 C0.252,1.92,0.248,1.924,0.248,1.928 C0.248,1.96,0.284,2,0.372,2 C0.488,2,0.508,1.952,0.524,1.908 L0.988,0.384 C1.092,0.044,1.168,-0.224,1.168,-0.224 C1.168,-0.224,1.268,-0.576,1.276,-0.628 C1.276,-0.636,1.28,-0.64,1.28,-0.644 C1.28,-0.668,1.248,-0.684,1.24,-0.688 C1.22,-0.688,1.208,-0.68,1.196,-0.672 C1.168,-0.648,0.968,-0.408,0.832,-0.404 L0.832,-0.444 Z
flag8thUp 1.056 M0.952,3.16 C0.952,3.16,1.056,2.78,1.056,2.468 C1.056,1.968,0.848,1.496,0.596,1.096 C0.392,0.78,0.224,0.436,0.16,0.052 C0.148,-0.012,0.116,-0.036,0.076,-0.036 C0.032,-0.036,0,-0.024,0,0.024 L0,0.98 C0.264,1.028,0.644,1.572,0.788,1.912 C0.848,2.048,0.884,2.276,0.884,2.512 C0.884,2.692,0.856,2.88,0.788,3.06 C0.78,3.084,0.776,3.104,0.776,3.12 C0.776,3.184,0.816,3.22,0.84,3.236 C0.844,3.24,0.852,3.24,0.86,3.24 C0.888,3.24,0.936,3.216,0.952,3.16 Z
flag8thDown 1.224 M0.96,-3.04 C1.016,-2.872,1.044,-2.672,1.044,-2.492 C1.044,-2.256,0.944,-1.92,0.884,-1.784 C0.736,-1.448,0.536,-1.124,0,-0.944 L0,-0.004 C0,0.036,0.032,0.056,0.064,0.056 C0.1,0.056,0.152,0.032,0.16,-0.032 C0.228,-0.412,0.524,-0.76,0.728,-1.076 C0.98,-1.472,1.224,-1.948,1.224,-2.448 C1.224,-2.76,1.144,-3.044,1.112,-3.172 C1.1,-3.216,1.076,-3.232,1.048,-3.232 C1,-3.232,0.948,-3.184,0.948,-3.108 C0.948,-3.088,0.952,-3.064,0.96,-3.04 Z
flag16thUp 1.116 M1.088,3.184 C1.104,3.164,1.116,2.936,1.116,2.744 L1.116,2.656 C1.116,2.488,1.072,2.324,1,2.176 C1,2.164,0.996,2.156,0.996,2.14 C0.996,2.132,0.996,2.124,1,2.112 C1.012,2.088,1.1,1.848,1.1,1.604 C1.1,1.552,1.096,1.508,1.088,1.46 C1.048,1.188,0.944,1.076,0.656,0.764 C0.44,0.532,0.216,0.468,0.148,0.044 C0.14,-0,0.092,-0.008,0.068,-0.008 C0.044,-0.008,0,0.004,0,0.032 L0,1.584 L0.02,1.584 C0.268,1.592,0.552,1.6,0.828,2.16 C0.92,2.352,0.956,2.548,0.956,2.756 C0.956,2.872,0.944,2.992,0.924,3.112 C0.92,3.128,0.92,3.136,0.92,3.148 C0.92,3.204,0.948,3.236,0.976,3.244 C0.988,3.248,0.996,3.252,1.008,3.252 C1.036,3.252,1.064,3.236,1.088,3.184 Z M0.836,1.836 C0.772,1.736,0.704,1.656,0.62,1.56 C0.432,1.344,0.248,1.248,0.164,0.92 C0.16,0.916,0.16,0.912,0.16,0.908 C0.16,0.892,0.184,0.868,0.216,0.868 L0.248,0.868 C0.492,0.868,0.708,1.092,0.84,1.288 C0.912,1.392,0.948,1.516,0.948,1.644 C0.948,1.672,0.948,1.696,0.944,1.724 C0.936,1.756,0.936,1.796,0.916,1.828 C0.912,1.84,0.884,1.852,0.864,1.852 C0.852,1.852,0.844,1.848,0.836,1.836 Z
flag16thDown 1.168 M0.96,-3.144 C0.984,-3.016,0.996,-2.88,0.996,-2.748 C0.996,-2.536,0.96,-2.324,0.868,-2.132 C0.592,-1.572,0.268,-1.56,0.02,-1.552 L0,-1.552 L0,-0.004 C0,0.016,0.028,0.036,0.068,0.036 C0.096,0.036,0.14,0.028,0.148,-0.016 C0.244,-0.632,1.032,-0.804,1.128,-1.432 C1.136,-1.476,1.14,-1.524,1.14,-1.576 C1.14,-1.82,1.052,-2.06,1.04,-2.084 C1.036,-2.092,1.036,-2.1,1.036,-2.112 C1.036,-2.128,1.04,-2.136,1.04,-2.148 C1.128,-2.332,1.164,-2.548,1.164,-2.764 C1.164,-2.9,1.148,-3.036,1.124,-3.16 C1.104,-3.252,1.076,-3.248,1.028,-3.248 C0.98,-3.244,0.948,-3.212,0.96,-3.144 Z M0.904,-1.824 C0.924,-1.824,0.952,-1.812,0.956,-1.796 C0.976,-1.768,0.976,-1.728,0.984,-1.696 C0.988,-1.668,0.988,-1.64,0.988,-1.616 C0.988,-1.484,0.952,-1.364,0.88,-1.26 C0.748,-1.064,0.492,-0.84,0.248,-0.84 L0.216,-0.84 C0.184,-0.84,0.16,-0.86,0.16,-0.88 C0.16,-0.884,0.16,-0.888,0.164,-0.892 C0.248,-1.22,0.472,-1.312,0.66,-1.532 C0.744,-1.624,0.812,-1.704,0.876,-1.808 C0.884,-1.82,0.892,-1.824,0.904,-1.824 Z
augmentationDot 0.4 M0.4,-0 C0.4,-0.112,0.312,-0.2,0.2,-0.2 C0.088,-0.2,0,-0.112,0,-0 C0,0.112,0.088,0.2,0.2,0.2 C0.312,0.2,0.4,0.112,0.4,-0 Z
timeSigCommon 1.696 M0.932,-1.004 C0.812,-1.004,0.672,-0.972,0.564,-0.924 C0.208,-0.768,0.02,-0.34,0.02,0.04 C0.02,0.076,0.02,0.112,0.024,0.148 C0.044,0.364,0.148,0.568,0.28,0.728 C0.432,0.912,0.652,0.996,0.892,0.996 C1.592,0.996,1.696,0.36,1.696,0.244 C1.696,0.156,1.652,0.156,1.636,0.156 C1.604,0.156,1.576,0.16,1.576,0.228 C1.576,0.744,1.136,0.864,1.008,0.864 C0.684,0.864,0.512,0.548,0.512,-0.112 C0.512,-0.772,0.816,-0.908,1.032,-0.908 C1.24,-0.908,1.324,-0.812,1.324,-0.772 C1.324,-0.736,1.312,-0.684,1.252,-0.684 C1.092,-0.684,1,-0.512,1,-0.388 C1,-0.16,1.196,-0.088,1.308,-0.088 C1.308,-0.088,1.612,-0.1,1.612,-0.432 C1.612,-0.956,1.008,-1.004,0.932,-1.004 Z
timeSigCutCommon 1.668 M1.592,0.16 C1.576,0.16,1.552,0.168,1.552,0.228 C1.552,0.74,1.112,0.86,0.984,0.86 C0.944,0.86,0.912,0.856,0.88,0.848 C0.864,0.844,0.84,0.82,0.84,0.788 L0.84,-0.796 C0.84,-0.824,0.912,-0.892,0.94,-0.896 C0.964,-0.9,0.988,-0.9,1.008,-0.9 C1.212,-0.9,1.3,-0.804,1.3,-0.764 C1.3,-0.732,1.288,-0.676,1.228,-0.676 C1.068,-0.676,0.976,-0.504,0.976,-0.38 C0.976,-0.156,1.172,-0.084,1.284,-0.084 C1.284,-0.084,1.588,-0.096,1.588,-0.428 C1.588,-0.948,0.984,-0.996,0.908,-0.996 C0.9,-0.996,0.912,-0.992,0.884,-0.992 C0.86,-0.996,0.84,-1.064,0.84,-1.084 L0.84,-1.376 C0.84,-1.408,0.812,-1.444,0.768,-1.444 C0.736,-1.444,0.7,-1.408,0.7,-1.376 L0.7,-1.024 C0.7,-0.996,0.66,-0.96,0.652,-0.96 L0.544,-0.92 C0.184,-0.764,0,-0.34,0,0.04 C0,0.076,0,0.116,0.004,0.152 C0.024,0.364,0.124,0.564,0.264,0.728 C0.36,0.844,0.484,0.924,0.624,0.96 C0.652,0.972,0.7,1.024,0.7,1.06 L0.7,1.368 C0.7,1.404,0.736,1.436,0.768,1.436 C0.812,1.436,0.84,1.404,0.84,1.368 L0.84,1.052 C0.84,1.028,0.856,1.008,0.884,0.996 C1.564,0.984,1.672,0.36,1.672,0.236 C1.668,0.16,1.628,0.16,1.608,0.16 L1.592,0.16 Z M0.7,0.652 C0.7,0.688,0.688,0.7,0.676,0.7 C0.668,0.7,0.66,0.696,0.656,0.688 C0.548,0.536,0.492,0.268,0.492,-0.104 C0.492,-0.408,0.556,-0.596,0.644,-0.72 C0.648,-0.728,0.652,-0.728,0.656,-0.728 C0.676,-0.728,0.7,-0.696,0.7,-0.664 L0.7,0.652 Z
segno 2.228 M0.54,-2.66 C0.564,-2.66,0.592,-2.652,0.604,-2.608 L0.612,-2.58 C0.64,-2.472,0.7,-2.236,0.904,-2.236 C0.94,-2.236,0.976,-2.24,1.02,-2.256 C1.136,-2.296,1.18,-2.392,1.18,-2.504 C1.18,-2.564,1.168,-2.628,1.148,-2.692 C1.084,-2.876,0.816,-2.944,0.612,-2.944 C0.332,-2.944,0.016,-2.6,0.016,-2.204 C0.016,-2.108,0.036,-2.008,0.08,-1.908 C0.208,-1.616,0.788,-1.26,0.82,-1.248 C0.836,-1.24,0.844,-1.232,0.844,-1.216 C0.844,-1.2,0.836,-1.18,0.82,-1.152 C0.792,-1.096,0.216,-0.06,0.216,-0.06 C0.208,-0.044,0.204,-0.024,0.204,-0.008 C0.204,0.032,0.224,0.072,0.26,0.092 C0.28,0.104,0.296,0.108,0.316,0.108 C0.356,0.108,0.396,0.084,0.416,0.048 C0.416,0.048,1.036,-1.072,1.048,-1.096 C1.048,-1.092,1.08,-1.116,1.096,-1.116 C1.156,-1.104,1.956,-0.868,1.956,-0.488 C1.956,-0.332,1.86,-0.228,1.732,-0.208 C1.724,-0.208,1.712,-0.204,1.704,-0.204 C1.628,-0.204,1.56,-0.26,1.56,-0.384 L1.56,-0.428 C1.56,-0.58,1.46,-0.692,1.348,-0.692 C1.332,-0.692,1.316,-0.688,1.3,-0.684 C1.152,-0.648,1.016,-0.584,1.016,-0.424 C1.016,-0.408,1.016,-0.392,1.02,-0.372 C1.048,-0.2,1.228,0.032,1.5,0.032 C1.552,0.032,1.608,0.024,1.668,0.004 C1.988,-0.104,2.2,-0.364,2.2,-0.696 C2.2,-0.732,2.196,-0.772,2.192,-0.812 C2.132,-1.252,1.5,-1.608,1.452,-1.632 C1.404,-1.66,1.384,-1.676,1.384,-1.696 C1.384,-1.704,1.388,-1.712,1.392,-1.72 C1.412,-1.752,2.032,-2.868,2.032,-2.868 C2.044,-2.888,2.048,-2.904,2.048,-2.924 C2.048,-2.964,2.024,-3.004,1.988,-3.024 C1.972,-3.032,1.952,-3.036,1.936,-3.036 C1.896,-3.036,1.856,-3.016,1.836,-2.98 C1.836,-2.98,1.2,-1.832,1.176,-1.796 C1.164,-1.776,1.156,-1.764,1.14,-1.764 C1.128,-1.764,1.116,-1.768,1.1,-1.776 C1.064,-1.788,0.46,-2.02,0.356,-2.2 C0.332,-2.244,0.3,-2.328,0.3,-2.412 C0.3,-2.52,0.348,-2.632,0.516,-2.66 L0.54,-2.66 Z M1.66,-1.864 C1.66,-1.74,1.764,-1.636,1.888,-1.636 C2.016,-1.636,2.116,-1.74,2.116,-1.864 C2.116,-1.992,2.016,-2.092,1.888,-2.092 C1.764,-2.092,1.66,-1.992,1.66,-1.864 Z M0.56,-1.056 C0.56,-1.18,0.46,-1.284,0.332,-1.284 C0.208,-1.284,0.104,-1.18,0.104,-1.056 C0.104,-0.928,0.208,-0.828,0.332,-0.828 C0.46,-0.828,0.56,-0.928,0.56,-1.056 Z
coda 3.816 M3.748,-1.6 L3.272,-1.6 C3.232,-2.352,2.672,-2.956,2.024,-3.008 L2.024,-3.524 C2.024,-3.576,1.98,-3.592,1.928,-3.592 C1.876,-3.592,1.832,-3.576,1.832,-3.524 L1.832,-3.008 C1.184,-2.956,0.628,-2.356,0.584,-1.6 L0.056,-1.6 C0,-1.6,-0.016,-1.556,-0.016,-1.504 C-0.016,-1.452,0,-1.408,0.056,-1.408 L0.584,-1.408 C0.628,-0.66,1.184,-0.052,1.832,-0 L1.832,0.56 C1.832,0.616,1.876,0.632,1.928,0.632 C1.98,0.632,2.024,0.616,2.024,0.56 L2.024,-0 C2.672,-0.052,3.232,-0.66,3.272,-1.408 L3.748,-1.408 C3.804,-1.408,3.82,-1.452,3.82,-1.504 C3.82,-1.556,3.804,-1.6,3.748,-1.6 Z M2.612,-1.6 L2.024,-1.6 L2.024,-2.784 C2.584,-2.736,2.612,-2.248,2.612,-1.6 Z M1.832,-2.784 L1.832,-1.6 L1.264,-1.6 C1.264,-2.248,1.264,-2.736,1.832,-2.784 Z M1.264,-1.408 L1.832,-1.408 L1.832,-0.192 C1.316,-0.252,1.268,-0.792,1.264,-1.408 Z M2.024,-0.192 L2.024,-1.408 L2.612,-1.408 C2.6,-0.796,2.524,-0.252,2.024,-0.192 Z
noteheadXBlack 1.16 M1.14,0.396 L0.664,-0 L1.14,-0.4 C1.152,-0.408,1.16,-0.428,1.16,-0.444 C1.16,-0.476,1.132,-0.5,1.108,-0.5 C1.1,-0.5,1.088,-0.496,1.08,-0.492 L0.576,-0.072 L0.08,-0.492 C0.072,-0.496,0.06,-0.5,0.048,-0.5 C0.02,-0.5,0,-0.472,0,-0.448 C0,-0.432,0.008,-0.412,0.02,-0.4 L0.496,-0 L0.02,0.396 C0.004,0.408,0,0.424,0,0.44 C0,0.472,0.02,0.5,0.052,0.5 C0.064,0.5,0.072,0.496,0.08,0.488 L0.576,0.068 L1.08,0.488 C1.088,0.496,1.1,0.5,1.108,0.5 C1.14,0.5,1.16,0.468,1.16,0.444 C1.16,0.424,1.152,0.408,1.14,0.396 Z
noteheadSlashHorizontalEnds 2.124 M1.72,-1 L0,1 L0.4,1 L2.12,-1 L1.72,-1 Z
articAccentAbove 1.356 M1.304,-0.42 C1.356,-0.432,1.356,-0.46,1.356,-0.492 C1.356,-0.524,1.356,-0.548,1.304,-0.564 L0.104,-0.972 C0.088,-0.976,0.072,-0.98,0.068,-0.98 C0.032,-0.98,0.02,-0.956,0.008,-0.924 C0.004,-0.908,0,-0.896,0,-0.884 C0,-0.864,0.012,-0.844,0.056,-0.828 C0.056,-0.828,0.92,-0.536,0.96,-0.52 C0.98,-0.516,0.988,-0.504,0.988,-0.492 C0.988,-0.48,0.98,-0.472,0.956,-0.464 C0.912,-0.452,0.056,-0.16,0.056,-0.16 C0.012,-0.14,0,-0.12,0,-0.1 C0,-0.088,0.004,-0.076,0.008,-0.064 C0.02,-0.036,0.036,-0.004,0.064,-0.004 C0.068,-0.004,0.076,-0.004,0.08,-0.008 L1.304,-0.42 Z
articAccentBelow 1.356 M1.304,0.56 C1.356,0.548,1.356,0.52,1.356,0.488 C1.356,0.456,1.356,0.432,1.304,0.416 L0.104,0.008 C0.088,0.004,0.072,-0,0.068,-0 C0.032,-0,0.02,0.024,0.008,0.056 C0.004,0.072,0,0.084,0,0.096 C0,0.116,0.012,0.136,0.056,0.152 C0.056,0.152,0.92,0.444,0.96,0.46 C0.98,0.464,0.988,0.476,0.988,0.488 C0.988,0.5,0.98,0.508,0.956,0.516 C0.912,0.528,0.056,0.82,0.056,0.82 C0.012,0.84,0,0.86,0,0.88 C0,0.892,0.004,0.904,0.008,0.916 C0.02,0.944,0.036,0.976,0.064,0.976 C0.068,0.976,0.076,0.976,0.08,0.972 L1.304,0.56 Z
articStaccatoAbove 0.336 M0.336,-0.168 C0.336,-0.26,0.26,-0.336,0.168,-0.336 C0.076,-0.336,0,-0.26,0,-0.168 C0,-0.076,0.076,-0,0.168,-0 C0.26,-0,0.336,-0.076,0.336,-0.168 Z
articStaccatoBelow 0.336 M0.336,0.168 C0.336,0.076,0.26,-0,0.168,-0 C0.076,-0,0,0.076,0,0.168 C0,0.26,0.076,0.336,0.168,0.336 C0.26,0.336,0.336,0.26,0.336,0.168 Z
articTenutoAbove 1.352 M1.256,-0 C1.348,-0,1.352,-0.044,1.352,-0.096 C1.352,-0.148,1.352,-0.192,1.256,-0.192 L0.092,-0.192 C-0.004,-0.192,-0.004,-0.148,-0.004,-0.096 C-0.004,-0.044,-0.004,-0,0.092,-0 L1.256,-0 Z
articTenutoBelow 1.352 M1.256,0.192 C1.348,0.192,1.352,0.148,1.352,0.096 C1.352,0.044,1.352,-0,1.256,-0 L0.092,-0 C-0.004,-0,-0.004,0.044,-0.004,0.096 C-0.004,0.148,-0.004,0.192,0.092,0.192 L1.256,0.192 Z
articStaccatissimoAbove 0.408 M0.2,-1.172 C0.096,-1.172,0.008,-1.136,0.004,-1.084 C0.004,-1.024,0.108,0.008,0.2,0.008 C0.3,0.008,0.4,-0.988,0.4,-1.08 C0.4,-1.14,0.308,-1.172,0.2,-1.172 Z
articStaccatissimoBelow 0.408 M0.2,1.18 C0.308,1.18,0.4,1.148,0.4,1.088 C0.4,0.996,0.3,-0,0.2,-0 C0.108,-0,0.004,1.032,0.004,1.092 C0.008,1.144,0.096,1.18,0.2,1.18 Z
articMarcatoAbove 0.944 M0.504,-0.988 C0.492,-1.004,0.48,-1.012,0.464,-1.012 C0.436,-1.012,0.424,-0.988,0.424,-0.988 L0,-0.064 C-0.004,-0.056,-0.004,-0.052,-0.004,-0.044 C-0.004,-0.024,0.004,-0.004,0.024,-0 C0.028,0.004,0.04,0.004,0.044,0.004 C0.06,0.004,0.08,-0.004,0.088,-0.024 C0.088,-0.024,0.304,-0.5,0.312,-0.516 C0.316,-0.524,0.32,-0.528,0.328,-0.528 C0.336,-0.528,0.344,-0.524,0.352,-0.516 C0.356,-0.5,0.58,-0.024,0.58,-0.024 C0.592,-0.008,0.608,-0,0.624,-0 L0.896,-0 C0.924,-0.004,0.94,-0.02,0.94,-0.044 C0.94,-0.052,0.94,-0.06,0.936,-0.064 L0.504,-0.988 Z
articMarcatoBelow 0.944 M0.432,0.992 C0.444,1.008,0.456,1.016,0.472,1.016 C0.5,1.016,0.512,0.992,0.512,0.992 L0.936,0.068 C0.94,0.06,0.94,0.056,0.94,0.048 C0.94,0.028,0.932,0.008,0.912,0.004 C0.908,-0,0.896,-0,0.892,-0 C0.876,-0,0.856,0.008,0.848,0.028 C0.848,0.028,0.632,0.504,0.624,0.52 C0.62,0.528,0.616,0.532,0.608,0.532 C0.6,0.532,0.592,0.528,0.584,0.52 C0.58,0.504,0.356,0.028,0.356,0.028 C0.344,0.012,0.328,0.004,0.312,0.004 L0.04,0.004 C0.012,0.008,-0.004,0.024,-0.004,0.048 C-0.004,0.056,-0.004,0.064,0,0.068 L0.432,0.992 Z
fermataAbove 2.42 M1.208,-0.884 C2.06,-0.884,2.232,-0.252,2.272,-0.1 C2.276,-0.088,2.276,-0.076,2.28,-0.072 C2.308,-0.016,2.324,0.012,2.364,0.012 C2.4,0.012,2.42,-0.004,2.42,-0.044 C2.42,-0.056,2.42,-0.068,2.416,-0.084 C2.168,-1.308,1.332,-1.316,1.216,-1.316 C1.088,-1.316,0.26,-1.308,0.016,-0.084 C0.012,-0.068,0.012,-0.052,0.012,-0.04 C0.012,-0,0.032,0.012,0.064,0.012 C0.1,0.012,0.12,-0.016,0.144,-0.072 C0.148,-0.076,0.152,-0.092,0.156,-0.108 C0.204,-0.272,0.384,-0.884,1.208,-0.884 Z M1.432,-0.208 C1.432,-0.324,1.332,-0.424,1.212,-0.424 C1.096,-0.424,0.996,-0.324,0.996,-0.208 C0.996,-0.088,1.096,0.012,1.212,0.012 C1.332,0.012,1.432,-0.088,1.432,-0.208 Z
fermataBelow 2.42 M1.208,0.896 C0.384,0.896,0.204,0.284,0.156,0.12 C0.152,0.104,0.148,0.088,0.144,0.084 C0.12,0.028,0.1,-0,0.064,-0 C0.032,-0,0.012,0.012,0.012,0.052 C0.012,0.064,0.012,0.08,0.016,0.096 C0.26,1.32,1.088,1.328,1.216,1.328 C1.332,1.328,2.168,1.32,2.416,0.096 C2.42,0.08,2.42,0.068,2.42,0.056 C2.42,0.016,2.4,-0,2.364,-0 C2.324,-0,2.308,0.028,2.28,0.084 C2.276,0.088,2.276,0.1,2.272,0.112 C2.232,0.264,2.06,0.896,1.208,0.896 Z M1.432,0.22 C1.432,0.1,1.332,-0,1.212,-0 C1.096,-0,0.996,0.1,0.996,0.22 C0.996,0.336,1.096,0.436,1.212,0.436 C1.332,0.436,1.432,0.336,1.432,0.22 Z
dynamicPiano 1.46 M1.096,-1.096 C0.972,-1.096,0.884,-1.056,0.812,-0.992 C0.756,-0.944,0.744,-0.912,0.728,-0.912 C0.708,-0.912,0.72,-0.94,0.684,-1.008 C0.656,-1.056,0.596,-1.092,0.492,-1.092 C0.256,-1.092,0.128,-0.924,0.004,-0.696 C-0.016,-0.66,-0.024,-0.64,-0.024,-0.62 C-0.024,-0.592,-0.004,-0.576,0.02,-0.576 C0.048,-0.576,0.064,-0.6,0.084,-0.636 C0.2,-0.836,0.28,-0.94,0.352,-0.94 C0.384,-0.94,0.396,-0.92,0.396,-0.892 C0.396,-0.86,0.384,-0.82,0.372,-0.792 L-0.12,0.428 C-0.132,0.46,-0.14,0.468,-0.18,0.468 L-0.304,0.468 C-0.34,0.468,-0.356,0.484,-0.356,0.52 C-0.356,0.552,-0.34,0.568,-0.308,0.568 L0.464,0.568 C0.5,0.568,0.516,0.552,0.516,0.516 C0.516,0.484,0.5,0.468,0.468,0.468 L0.308,0.468 C0.284,0.468,0.272,0.468,0.272,0.456 C0.272,0.452,0.276,0.44,0.28,0.428 L0.46,-0.02 C0.468,-0.04,0.476,-0.068,0.496,-0.068 C0.516,-0.068,0.528,-0.028,0.592,0.004 C0.648,0.032,0.7,0.04,0.768,0.04 C1.152,0.04,1.464,-0.36,1.464,-0.74 C1.464,-0.972,1.32,-1.096,1.096,-1.096 Z M0.988,-0.948 C1.056,-0.948,1.08,-0.888,1.08,-0.8 C1.08,-0.604,0.868,-0.096,0.676,-0.096 C0.608,-0.096,0.576,-0.14,0.576,-0.224 C0.576,-0.308,0.608,-0.388,0.652,-0.5 L0.732,-0.696 C0.788,-0.832,0.892,-0.948,0.988,-0.948 Z
dynamicMezzo 1.748 M1.468,-1.096 C1.352,-1.096,1.26,-1.04,1.196,-0.972 C1.156,-0.932,1.152,-0.916,1.136,-0.916 C1.116,-0.916,1.128,-0.948,1.104,-1 C1.08,-1.052,1.028,-1.096,0.928,-1.096 C0.812,-1.096,0.72,-1.04,0.656,-0.972 C0.616,-0.932,0.612,-0.916,0.596,-0.916 C0.576,-0.916,0.588,-0.944,0.564,-1 C0.54,-1.052,0.484,-1.092,0.408,-1.092 C0.196,-1.092,0.072,-0.92,-0.052,-0.696 C-0.072,-0.66,-0.08,-0.64,-0.08,-0.62 C-0.08,-0.592,-0.06,-0.576,-0.036,-0.576 C-0.008,-0.576,0.004,-0.596,0.024,-0.628 C0.144,-0.832,0.224,-0.94,0.296,-0.94 C0.328,-0.94,0.34,-0.92,0.34,-0.892 C0.34,-0.86,0.328,-0.82,0.316,-0.792 L0.024,-0.068 C0.016,-0.048,0.012,-0.036,0.012,-0.024 C0.012,-0.008,0.024,-0,0.056,-0 L0.252,-0 C0.288,-0,0.3,-0.008,0.316,-0.048 L0.576,-0.696 C0.624,-0.812,0.708,-0.896,0.796,-0.896 C0.844,-0.896,0.856,-0.872,0.856,-0.84 C0.856,-0.792,0.84,-0.748,0.816,-0.692 C0.816,-0.688,0.812,-0.688,0.564,-0.068 C0.556,-0.048,0.552,-0.036,0.552,-0.024 C0.552,-0.008,0.564,-0,0.596,-0 L0.792,-0 C0.828,-0,0.84,-0.008,0.856,-0.048 L1.116,-0.696 C1.164,-0.812,1.248,-0.896,1.336,-0.896 C1.384,-0.896,1.396,-0.872,1.396,-0.84 C1.396,-0.7,1.148,-0.288,1.148,-0.12 C1.148,-0.016,1.212,0.04,1.328,0.04 C1.48,0.04,1.62,-0.072,1.748,-0.284 C1.772,-0.324,1.784,-0.348,1.784,-0.368 C1.784,-0.392,1.768,-0.404,1.748,-0.404 C1.72,-0.404,1.708,-0.384,1.688,-0.352 C1.612,-0.232,1.536,-0.136,1.484,-0.136 C1.46,-0.136,1.452,-0.148,1.452,-0.172 C1.452,-0.312,1.684,-0.66,1.684,-0.88 C1.684,-0.98,1.632,-1.096,1.468,-1.096 Z
dynamicForte 1.456 M0.064,-1.056 C0.02,-1.056,0,-1.036,0,-0.992 C0,-0.952,0.02,-0.932,0.06,-0.932 L0.292,-0.932 C0.316,-0.932,0.324,-0.932,0.324,-0.916 C0.324,-0.908,0.32,-0.896,0.316,-0.876 L0.064,-0 C-0.048,0.392,-0.12,0.52,-0.28,0.52 C-0.332,0.52,-0.352,0.504,-0.352,0.484 C-0.352,0.452,-0.316,0.472,-0.256,0.432 C-0.208,0.4,-0.176,0.348,-0.176,0.284 C-0.176,0.18,-0.248,0.12,-0.356,0.12 C-0.476,0.12,-0.564,0.216,-0.564,0.34 C-0.564,0.516,-0.432,0.608,-0.264,0.608 C0.04,0.608,0.228,0.404,0.448,-0.048 C0.564,-0.292,0.652,-0.54,0.748,-0.876 C0.748,-0.88,0.752,-0.884,0.752,-0.888 C0.752,-0.896,0.784,-0.932,0.804,-0.932 L1.064,-0.932 C1.108,-0.932,1.128,-0.952,1.128,-0.996 C1.128,-1.036,1.108,-1.056,1.068,-1.056 L0.828,-1.056 C0.8,-1.056,0.788,-1.056,0.788,-1.076 C0.788,-1.088,0.792,-1.1,0.796,-1.124 C0.876,-1.472,0.964,-1.684,1.164,-1.684 C1.196,-1.684,1.228,-1.676,1.228,-1.652 C1.228,-1.628,1.208,-1.632,1.164,-1.612 C1.112,-1.588,1.08,-1.532,1.08,-1.46 C1.08,-1.348,1.16,-1.292,1.26,-1.292 C1.364,-1.292,1.456,-1.36,1.456,-1.508 C1.456,-1.656,1.364,-1.776,1.112,-1.776 C0.724,-1.776,0.508,-1.5,0.376,-1.116 C0.356,-1.056,0.352,-1.056,0.296,-1.056 L0.064,-1.056 Z
dynamicRinforzando 1.108 M0.9,-1.096 C0.796,-1.096,0.712,-1.04,0.652,-0.972 C0.616,-0.932,0.612,-0.916,0.596,-0.916 C0.576,-0.916,0.592,-0.936,0.564,-1 C0.54,-1.052,0.484,-1.092,0.404,-1.092 C0.208,-1.092,0.076,-0.936,-0.052,-0.696 C-0.072,-0.66,-0.08,-0.64,-0.08,-0.62 C-0.08,-0.592,-0.06,-0.576,-0.036,-0.576 C-0.008,-0.576,0.008,-0.596,0.024,-0.628 C0.144,-0.836,0.224,-0.94,0.296,-0.94 C0.328,-0.94,0.34,-0.92,0.34,-0.892 C0.34,-0.86,0.328,-0.82,0.316,-0.792 L0.024,-0.068 C0.016,-0.048,0.012,-0.036,0.012,-0.024 C0.012,-0.008,0.024,-0,0.056,-0 L0.252,-0 C0.288,-0,0.3,-0.008,0.316,-0.048 L0.576,-0.696 C0.628,-0.828,0.756,-0.976,0.844,-0.976 C0.868,-0.976,0.884,-0.968,0.884,-0.952 C0.884,-0.916,0.796,-0.904,0.796,-0.792 C0.796,-0.712,0.856,-0.664,0.94,-0.664 C1.036,-0.664,1.108,-0.744,1.108,-0.884 C1.108,-1,1.048,-1.096,0.9,-1.096 Z
dynamicSforzando 0.916 M0.588,-1.092 C0.352,-1.092,0.188,-0.972,0.188,-0.76 C0.188,-0.62,0.264,-0.544,0.404,-0.448 C0.52,-0.368,0.556,-0.316,0.556,-0.236 C0.556,-0.148,0.48,-0.056,0.352,-0.056 C0.252,-0.056,0.184,-0.088,0.184,-0.116 C0.184,-0.136,0.208,-0.128,0.252,-0.156 C0.288,-0.18,0.308,-0.22,0.308,-0.272 C0.308,-0.352,0.24,-0.404,0.164,-0.404 C0.068,-0.404,0,-0.324,0,-0.216 C0,-0.084,0.136,0.04,0.348,0.04 C0.608,0.04,0.808,-0.1,0.808,-0.332 C0.808,-0.444,0.768,-0.528,0.612,-0.644 C0.468,-0.752,0.42,-0.796,0.42,-0.872 C0.42,-0.936,0.468,-1.004,0.592,-1.004 C0.66,-1.004,0.716,-0.988,0.716,-0.96 C0.716,-0.944,0.696,-0.944,0.668,-0.924 C0.644,-0.904,0.628,-0.872,0.628,-0.828 C0.628,-0.748,0.688,-0.7,0.768,-0.7 C0.864,-0.7,0.916,-0.776,0.916,-0.852 C0.916,-1,0.792,-1.092,0.588,-1.092 Z
dynamicZ 0.976 M0.924,-1.072 C0.892,-1.072,0.872,-1.06,0.828,-1.048 C0.784,-1.036,0.72,-1.028,0.664,-1.028 C0.424,-1.028,0.308,-1.064,0.26,-1.064 C0.22,-1.064,0.2,-1.048,0.188,-1.012 L0.092,-0.732 C0.084,-0.708,0.08,-0.688,0.08,-0.672 C0.08,-0.644,0.1,-0.632,0.124,-0.632 C0.152,-0.632,0.168,-0.656,0.184,-0.692 L0.224,-0.776 C0.236,-0.8,0.244,-0.824,0.268,-0.824 C0.284,-0.824,0.352,-0.812,0.468,-0.812 C0.54,-0.812,0.596,-0.84,0.62,-0.84 C0.62,-0.824,0.548,-0.752,0.544,-0.748 L-0.072,-0.124 C-0.104,-0.092,-0.12,-0.076,-0.12,-0.044 C-0.12,-0.016,-0.1,0.004,-0.068,0.004 C-0.032,0.004,-0.008,-0.028,0.012,-0.044 C0.044,-0.068,0.076,-0.084,0.108,-0.084 C0.22,-0.084,0.3,0.04,0.496,0.04 C0.72,0.04,0.824,-0.12,0.824,-0.284 C0.824,-0.408,0.752,-0.46,0.68,-0.46 C0.608,-0.46,0.548,-0.404,0.548,-0.32 C0.548,-0.244,0.6,-0.2,0.656,-0.2 C0.696,-0.2,0.708,-0.22,0.72,-0.22 C0.728,-0.22,0.732,-0.216,0.732,-0.208 C0.732,-0.2,0.724,-0.184,0.716,-0.168 C0.7,-0.14,0.672,-0.124,0.636,-0.124 C0.516,-0.124,0.48,-0.264,0.324,-0.264 C0.272,-0.264,0.248,-0.24,0.236,-0.24 C0.236,-0.24,0.264,-0.288,0.284,-0.308 L0.924,-0.94 C0.956,-0.972,0.976,-0.996,0.976,-1.028 C0.976,-1.056,0.952,-1.072,0.924,-1.072 Z
dynamicPP 2.908 M1.124,-1.096 C1,-1.096,0.912,-1.056,0.84,-0.992 C0.784,-0.944,0.772,-0.912,0.756,-0.912 C0.736,-0.912,0.748,-0.94,0.712,-1.008 C0.684,-1.056,0.624,-1.092,0.52,-1.092 C0.284,-1.092,0.156,-0.924,0.032,-0.696 C0.012,-0.66,0.004,-0.64,0.004,-0.62 C0.004,-0.592,0.024,-0.576,0.048,-0.576 C0.076,-0.576,0.092,-0.6,0.112,-0.636 C0.228,-0.836,0.308,-0.94,0.38,-0.94 C0.412,-0.94,0.424,-0.92,0.424,-0.892 C0.424,-0.86,0.412,-0.82,0.4,-0.792 L-0.092,0.428 C-0.104,0.46,-0.112,0.468,-0.152,0.468 L-0.276,0.468 C-0.312,0.468,-0.328,0.484,-0.328,0.52 C-0.328,0.552,-0.312,0.568,-0.28,0.568 L0.492,0.568 C0.528,0.568,0.544,0.552,0.544,0.516 C0.544,0.484,0.528,0.468,0.496,0.468 L0.336,0.468 C0.312,0.468,0.3,0.468,0.3,0.456 C0.3,0.452,0.304,0.44,0.308,0.428 L0.488,-0.02 C0.496,-0.04,0.504,-0.068,0.524,-0.068 C0.544,-0.068,0.556,-0.028,0.62,0.004 C0.676,0.032,0.728,0.04,0.796,0.04 C1.18,0.04,1.492,-0.36,1.492,-0.74 C1.492,-0.972,1.348,-1.096,1.124,-1.096 Z M2.544,-1.096 C2.42,-1.096,2.332,-1.056,2.26,-0.992 C2.204,-0.944,2.192,-0.912,2.176,-0.912 C2.156,-0.912,2.168,-0.94,2.132,-1.008 C2.104,-1.056,2.044,-1.092,1.94,-1.092 C1.748,-1.092,1.644,-0.988,1.556,-0.864 C1.532,-0.828,1.524,-0.808,1.524,-0.788 C1.524,-0.76,1.544,-0.748,1.568,-0.748 C1.596,-0.748,1.612,-0.768,1.632,-0.796 C1.632,-0.796,1.64,-0.812,1.648,-0.82 C1.688,-0.872,1.74,-0.94,1.8,-0.94 C1.832,-0.94,1.844,-0.92,1.844,-0.892 C1.844,-0.86,1.832,-0.82,1.82,-0.792 L1.328,0.428 C1.316,0.46,1.308,0.468,1.268,0.468 L1.144,0.468 C1.108,0.468,1.092,0.484,1.092,0.52 C1.092,0.552,1.108,0.568,1.14,0.568 L1.912,0.568 C1.948,0.568,1.964,0.552,1.964,0.516 C1.964,0.484,1.948,0.468,1.916,0.468 L1.756,0.468 C1.732,0.468,1.72,0.468,1.72,0.456 C1.72,0.452,1.724,0.44,1.728,0.428 L1.908,-0.02 C1.916,-0.04,1.924,-0.068,1.944,-0.068 C1.964,-0.068,1.976,-0.028,2.04,0.004 C2.096,0.032,2.148,0.04,2.216,0.04 C2.6,0.04,2.912,-0.36,2.912,-0.74 C2.912,-0.972,2.768,-1.096,2.544,-1.096 Z M1.016,-0.948 C1.084,-0.948,1.108,-0.888,1.108,-0.8 C1.108,-0.604,0.896,-0.096,0.704,-0.096 C0.636,-0.096,0.604,-0.14,0.604,-0.224 C0.604,-0.308,0.636,-0.388,0.68,-0.5 L0.76,-0.696 C0.816,-0.832,0.92,-0.948,1.016,-0.948 Z M2.436,-0.948 C2.504,-0.948,2.528,-0.888,2.528,-0.8 C2.528,-0.604,2.316,-0.096,2.124,-0.096 C2.056,-0.096,2.024,-0.14,2.024,-0.224 C2.024,-0.308,2.056,-0.388,2.1,-0.5 L2.18,-0.696 C2.236,-0.832,2.34,-0.948,2.436,-0.948 Z
dynamicPPP 4.288 M1.084,-1.096 C0.96,-1.096,0.872,-1.056,0.8,-0.992 C0.744,-0.944,0.732,-0.912,0.716,-0.912 C0.696,-0.912,0.708,-0.94,0.672,-1.008 C0.644,-1.056,0.584,-1.092,0.48,-1.092 C0.244,-1.092,0.116,-0.924,-0.008,-0.696 C-0.028,-0.66,-0.036,-0.64,-0.036,-0.62 C-0.036,-0.592,-0.016,-0.576,0.008,-0.576 C0.036,-0.576,0.052,-0.6,0.072,-0.636 C0.188,-0.836,0.268,-0.94,0.34,-0.94 C0.372,-0.94,0.384,-0.92,0.384,-0.892 C0.384,-0.86,0.372,-0.82,0.36,-0.792 L-0.132,0.428 C-0.144,0.46,-0.152,0.468,-0.192,0.468 L-0.316,0.468 C-0.352,0.468,-0.368,0.484,-0.368,0.52 C-0.368,0.552,-0.352,0.568,-0.32,0.568 L0.452,0.568 C0.488,0.568,0.504,0.552,0.504,0.516 C0.504,0.484,0.488,0.468,0.456,0.468 L0.296,0.468 C0.272,0.468,0.26,0.468,0.26,0.456 C0.26,0.452,0.264,0.44,0.268,0.428 L0.448,-0.02 C0.456,-0.04,0.464,-0.068,0.484,-0.068 C0.504,-0.068,0.516,-0.028,0.58,0.004 C0.636,0.032,0.688,0.04,0.756,0.04 C1.14,0.04,1.452,-0.36,1.452,-0.74 C1.452,-0.972,1.308,-1.096,1.084,-1.096 Z M2.504,-1.096 C2.38,-1.096,2.292,-1.056,2.22,-0.992 C2.164,-0.944,2.152,-0.912,2.136,-0.912 C2.116,-0.912,2.128,-0.94,2.092,-1.008 C2.064,-1.056,2.004,-1.092,1.9,-1.092 C1.708,-1.092,1.604,-0.988,1.516,-0.864 C1.492,-0.828,1.484,-0.808,1.484,-0.788 C1.484,-0.76,1.504,-0.748,1.528,-0.748 C1.556,-0.748,1.572,-0.768,1.592,-0.796 C1.592,-0.796,1.6,-0.812,1.608,-0.82 C1.648,-0.872,1.7,-0.94,1.76,-0.94 C1.792,-0.94,1.804,-0.92,1.804,-0.892 C1.804,-0.86,1.792,-0.82,1.78,-0.792 L1.288,0.428 C1.276,0.46,1.268,0.468,1.228,0.468 L1.104,0.468 C1.068,0.468,1.052,0.484,1.052,0.52 C1.052,0.552,1.068,0.568,1.1,0.568 L1.872,0.568 C1.908,0.568,1.924,0.552,1.924,0.516 C1.924,0.484,1.908,0.468,1.876,0.468 L1.716,0.468 C1.692,0.468,1.68,0.468,1.68,0.456 C1.68,0.452,1.684,0.44,1.688,0.428 L1.868,-0.02 C1.876,-0.04,1.884,-0.068,1.904,-0.068 C1.924,-0.068,1.936,-0.028,2,0.004 C2.056,0.032,2.108,0.04,2.176,0.04 C2.56,0.04,2.872,-0.36,2.872,-0.74 C2.872,-0.972,2.728,-1.096,2.504,-1.096 Z M3.924,-1.096 C3.8,-1.096,3.712,-1.056,3.64,-0.992 C3.584,-0.944,3.572,-0.912,3.556,-0.912 C3.536,-0.912,3.548,-0.94,3.512,-1.008 C3.484,-1.056,3.424,-1.092,3.32,-1.092 C3.128,-1.092,3.024,-0.988,2.936,-0.864 C2.912,-0.828,2.904,-0.808,2.904,-0.788 C2.904,-0.76,2.924,-0.748,2.948,-0.748 C2.976,-0.748,2.992,-0.768,3.012,-0.796 C3.012,-0.796,3.02,-0.812,3.028,-0.82 C3.068,-0.872,3.12,-0.94,3.18,-0.94 C3.212,-0.94,3.224,-0.92,3.224,-0.892 C3.224,-0.86,3.212,-0.82,3.2,-0.792 L2.708,0.428 C2.696,0.46,2.688,0.468,2.648,0.468 L2.524,0.468 C2.488,0.468,2.472,0.484,2.472,0.52 C2.472,0.552,2.488,0.568,2.52,0.568 L3.292,0.568 C3.328,0.568,3.344,0.552,3.344,0.516 C3.344,0.484,3.328,0.468,3.296,0.468 L3.136,0.468 C3.112,0.468,3.1,0.468,3.1,0.456 C3.1,0.452,3.104,0.44,3.108,0.428 L3.288,-0.02 C3.296,-0.04,3.304,-0.068,3.324,-0.068 C3.344,-0.068,3.356,-0.028,3.42,0.004 C3.476,0.032,3.528,0.04,3.596,0.04 C3.98,0.04,4.292,-0.36,4.292,-0.74 C4.292,-0.972,4.148,-1.096,3.924,-1.096 Z M0.976,-0.948 C1.044,-0.948,1.068,-0.888,1.068,-0.8 C1.068,-0.604,0.856,-0.096,0.664,-0.096 C0.596,-0.096,0.564,-0.14,0.564,-0.224 C0.564,-0.308,0.596,-0.388,0.64,-0.5 L0.72,-0.696 C0.776,-0.832,0.88,-0.948,0.976,-0.948 Z M2.396,-0.948 C2.464,-0.948,2.488,-0.888,2.488,-0.8 C2.488,-0.604,2.276,-0.096,2.084,-0.096 C2.016,-0.096,1.984,-0.14,1.984,-0.224 C1.984,-0.308,2.016,-0.388,2.06,-0.5 L2.14,-0.696 C2.196,-0.832,2.3,-0.948,2.396,-0.948 Z M3.816,-0.948 C3.884,-0.948,3.908,-0.888,3.908,-0.8 C3.908,-0.604,3.696,-0.096,3.504,-0.096 C3.436,-0.096,3.404,-0.14,3.404,-0.224 C3.404,-0.308,3.436,-0.388,3.48,-0.5 L3.56,-0.696 C3.616,-0.832,3.72,-0.948,3.816,-0.948 Z
dynamicMP 3.304 M1.776,-0.528 C1.664,-0.284,1.564,-0.136,1.484,-0.136 C1.46,-0.136,1.452,-0.148,1.452,-0.172 C1.452,-0.312,1.684,-0.66,1.684,-0.88 C1.684,-0.98,1.632,-1.096,1.468,-1.096 C1.352,-1.096,1.26,-1.04,1.196,-0.972 C1.156,-0.932,1.152,-0.916,1.136,-0.916 C1.116,-0.916,1.128,-0.948,1.104,-1 C1.08,-1.052,1.028,-1.096,0.928,-1.096 C0.812,-1.096,0.72,-1.04,0.656,-0.972 C0.616,-0.932,0.612,-0.916,0.596,-0.916 C0.576,-0.916,0.588,-0.944,0.564,-1 C0.54,-1.052,0.484,-1.092,0.408,-1.092 C0.196,-1.092,0.072,-0.92,-0.052,-0.696 C-0.072,-0.66,-0.08,-0.64,-0.08,-0.62 C-0.08,-0.592,-0.06,-0.576,-0.036,-0.576 C-0.008,-0.576,0.004,-0.596,0.024,-0.628 C0.144,-0.832,0.224,-0.94,0.296,-0.94 C0.328,-0.94,0.34,-0.92,0.34,-0.892 C0.34,-0.86,0.328,-0.82,0.316,-0.792 L0.024,-0.068 C0.016,-0.048,0.012,-0.036,0.012,-0.024 C0.012,-0.008,0.024,-0,0.056,-0 L0.252,-0 C0.288,-0,0.3,-0.008,0.316,-0.048 L0.576,-0.696 C0.624,-0.812,0.708,-0.896,0.796,-0.896 C0.844,-0.896,0.856,-0.872,0.856,-0.84 C0.856,-0.792,0.84,-0.748,0.816,-0.692 C0.816,-0.688,0.812,-0.688,0.564,-0.068 C0.556,-0.048,0.552,-0.036,0.552,-0.024 C0.552,-0.008,0.564,-0,0.596,-0 L0.792,-0 C0.828,-0,0.84,-0.008,0.856,-0.048 L1.116,-0.696 C1.164,-0.812,1.248,-0.896,1.336,-0.896 C1.384,-0.896,1.396,-0.872,1.396,-0.84 C1.396,-0.7,1.148,-0.288,1.148,-0.12 C1.148,-0.016,1.212,0.04,1.328,0.04 C1.58,0.04,1.74,-0.18,1.864,-0.464 C1.984,-0.736,2.088,-0.94,2.192,-0.94 C2.224,-0.94,2.232,-0.92,2.232,-0.892 C2.232,-0.86,2.22,-0.82,2.208,-0.792 L1.716,0.428 C1.704,0.46,1.696,0.468,1.656,0.468 L1.532,0.468 C1.496,0.468,1.48,0.484,1.48,0.52 C1.48,0.552,1.496,0.568,1.528,0.568 L2.3,0.568 C2.336,0.568,2.352,0.552,2.352,0.516 C2.352,0.484,2.336,0.468,2.304,0.468 L2.144,0.468 C2.12,0.468,2.108,0.468,2.108,0.456 C2.108,0.452,2.112,0.44,2.116,0.428 L2.296,-0.02 C2.304,-0.04,2.312,-0.068,2.332,-0.068 C2.352,-0.068,2.364,-0.028,2.428,0.004 C2.484,0.032,2.536,0.04,2.604,0.04 C2.988,0.04,3.3,-0.36,3.3,-0.74 C3.3,-0.972,3.156,-1.096,2.932,-1.096 C2.808,-1.096,2.72,-1.056,2.648,-0.992 C2.592,-0.944,2.58,-0.912,2.564,-0.912 C2.544,-0.912,2.556,-0.94,2.52,-1.008 C2.492,-1.056,2.432,-1.092,2.328,-1.092 C2.028,-1.092,1.9,-0.808,1.804,-0.592 L1.776,-0.528 Z M2.512,-0.096 C2.444,-0.096,2.412,-0.14,2.412,-0.224 C2.412,-0.308,2.444,-0.388,2.488,-0.5 L2.568,-0.696 C2.624,-0.832,2.728,-0.948,2.824,-0.948 C2.892,-0.948,2.916,-0.888,2.916,-0.8 C2.916,-0.604,2.704,-0.096,2.512,-0.096 Z
dynamicMF 3.188 M1.88,-1.004 C1.836,-1.004,1.816,-0.984,1.816,-0.94 C1.816,-0.9,1.836,-0.88,1.876,-0.88 L2.108,-0.88 C2.132,-0.88,2.14,-0.88,2.14,-0.864 C2.14,-0.856,2.136,-0.844,2.132,-0.824 L1.88,0.052 C1.768,0.444,1.696,0.572,1.536,0.572 C1.484,0.572,1.464,0.556,1.464,0.536 C1.464,0.504,1.5,0.524,1.56,0.484 C1.608,0.452,1.64,0.4,1.64,0.336 C1.64,0.232,1.568,0.172,1.46,0.172 C1.34,0.172,1.252,0.268,1.252,0.392 C1.252,0.568,1.384,0.66,1.552,0.66 C1.856,0.66,2.044,0.456,2.264,0.004 C2.38,-0.24,2.468,-0.488,2.564,-0.824 C2.564,-0.828,2.568,-0.832,2.568,-0.836 C2.568,-0.844,2.6,-0.88,2.62,-0.88 L2.88,-0.88 C2.924,-0.88,2.944,-0.9,2.944,-0.944 C2.944,-0.984,2.924,-1.004,2.884,-1.004 L2.644,-1.004 C2.616,-1.004,2.604,-1.004,2.604,-1.024 C2.604,-1.036,2.608,-1.048,2.612,-1.072 C2.692,-1.42,2.78,-1.632,2.98,-1.632 C3.012,-1.632,3.044,-1.624,3.044,-1.6 C3.044,-1.576,3.024,-1.58,2.98,-1.56 C2.928,-1.536,2.896,-1.48,2.896,-1.408 C2.896,-1.296,2.976,-1.24,3.076,-1.24 C3.18,-1.24,3.272,-1.308,3.272,-1.456 C3.272,-1.604,3.18,-1.724,2.928,-1.724 C2.54,-1.724,2.324,-1.448,2.192,-1.064 C2.172,-1.004,2.168,-1.004,2.112,-1.004 L1.88,-1.004 Z M1.468,-1.096 C1.352,-1.096,1.26,-1.04,1.196,-0.972 C1.156,-0.932,1.152,-0.916,1.136,-0.916 C1.116,-0.916,1.128,-0.948,1.104,-1 C1.08,-1.052,1.028,-1.096,0.928,-1.096 C0.812,-1.096,0.72,-1.04,0.656,-0.972 C0.616,-0.932,0.612,-0.916,0.596,-0.916 C0.576,-0.916,0.588,-0.944,0.564,-1 C0.54,-1.052,0.484,-1.092,0.408,-1.092 C0.196,-1.092,0.072,-0.92,-0.052,-0.696 C-0.072,-0.66,-0.08,-0.64,-0.08,-0.62 C-0.08,-0.592,-0.06,-0.576,-0.036,-0.576 C-0.008,-0.576,0.004,-0.596,0.024,-0.628 C0.144,-0.832,0.224,-0.94,0.296,-0.94 C0.328,-0.94,0.34,-0.92,0.34,-0.892 C0.34,-0.86,0.328,-0.82,0.316,-0.792 L0.024,-0.068 C0.016,-0.048,0.012,-0.036,0.012,-0.024 C0.012,-0.008,0.024,-0,0.056,-0 L0.252,-0 C0.288,-0,0.3,-0.008,0.316,-0.048 L0.576,-0.696 C0.624,-0.812,0.708,-0.896,0.796,-0.896 C0.844,-0.896,0.856,-0.872,0.856,-0.84 C0.856,-0.792,0.84,-0.748,0.816,-0.692 C0.816,-0.688,0.812,-0.688,0.564,-0.068 C0.556,-0.048,0.552,-0.036,0.552,-0.024 C0.552,-0.008,0.564,-0,0.596,-0 L0.792,-0 C0.828,-0,0.84,-0.008,0.856,-0.048 L1.116,-0.696 C1.164,-0.812,1.248,-0.896,1.336,-0.896 C1.384,-0.896,1.396,-0.872,1.396,-0.84 C1.396,-0.7,1.148,-0.288,1.148,-0.12 C1.148,-0.016,1.212,0.04,1.328,0.04 C1.48,0.04,1.62,-0.072,1.748,-0.284 C1.772,-0.324,1.784,-0.348,1.784,-0.368 C1.784,-0.392,1.768,-0.404,1.748,-0.404 C1.72,-0.404,1.708,-0.384,1.688,-0.352 C1.612,-0.232,1.536,-0.136,1.484,-0.136 C1.46,-0.136,1.452,-0.148,1.452,-0.172 C1.452,-0.312,1.684,-0.66,1.684,-0.88 C1.684,-0.98,1.632,-1.096,1.468,-1.096 Z
dynamicFF 2.436 M0.852,-1.056 C0.824,-1.056,0.812,-1.056,0.812,-1.076 C0.812,-1.088,0.816,-1.1,0.82,-1.124 C0.9,-1.472,0.96,-1.684,1.116,-1.684 C1.136,-1.684,1.148,-1.68,1.148,-1.668 C1.148,-1.64,1.076,-1.624,1.076,-1.516 C1.076,-1.4,1.148,-1.352,1.244,-1.352 C1.352,-1.352,1.42,-1.424,1.42,-1.556 C1.42,-1.66,1.34,-1.776,1.112,-1.776 C0.72,-1.776,0.532,-1.504,0.4,-1.116 C0.38,-1.056,0.376,-1.056,0.32,-1.056 L0.088,-1.056 C0.044,-1.056,0.024,-1.036,0.024,-0.992 C0.024,-0.952,0.044,-0.932,0.084,-0.932 L0.316,-0.932 C0.34,-0.932,0.348,-0.932,0.348,-0.916 C0.348,-0.908,0.344,-0.896,0.34,-0.876 L0.088,-0 C-0.024,0.392,-0.096,0.52,-0.256,0.52 C-0.308,0.52,-0.328,0.504,-0.328,0.484 C-0.328,0.452,-0.292,0.472,-0.232,0.432 C-0.184,0.4,-0.152,0.348,-0.152,0.284 C-0.152,0.18,-0.224,0.12,-0.332,0.12 C-0.452,0.12,-0.54,0.216,-0.54,0.34 C-0.54,0.516,-0.408,0.608,-0.24,0.608 C0.064,0.608,0.252,0.404,0.472,-0.048 C0.588,-0.292,0.676,-0.54,0.772,-0.876 C0.772,-0.88,0.776,-0.884,0.776,-0.888 C0.776,-0.896,0.808,-0.932,0.828,-0.932 L1.276,-0.932 C1.3,-0.932,1.308,-0.932,1.308,-0.916 C1.308,-0.908,1.304,-0.896,1.3,-0.876 L1.048,-0 C0.936,0.392,0.864,0.52,0.704,0.52 C0.672,0.52,0.664,0.512,0.664,0.5 C0.664,0.484,0.68,0.476,0.724,0.448 C0.772,0.416,0.792,0.372,0.792,0.308 C0.792,0.212,0.724,0.152,0.628,0.152 C0.504,0.152,0.432,0.236,0.432,0.36 C0.432,0.516,0.552,0.608,0.72,0.608 C1.024,0.608,1.212,0.404,1.432,-0.048 C1.548,-0.292,1.636,-0.54,1.732,-0.876 C1.732,-0.88,1.736,-0.884,1.736,-0.888 C1.736,-0.896,1.768,-0.932,1.788,-0.932 L2.048,-0.932 C2.092,-0.932,2.112,-0.952,2.112,-0.996 C2.112,-1.036,2.092,-1.056,2.052,-1.056 L1.812,-1.056 C1.784,-1.056,1.772,-1.056,1.772,-1.076 C1.772,-1.088,1.776,-1.1,1.78,-1.124 C1.86,-1.472,1.948,-1.684,2.148,-1.684 C2.18,-1.684,2.212,-1.676,2.212,-1.652 C2.212,-1.628,2.192,-1.632,2.148,-1.612 C2.096,-1.588,2.064,-1.532,2.064,-1.46 C2.064,-1.348,2.144,-1.292,2.244,-1.292 C2.348,-1.292,2.44,-1.36,2.44,-1.508 C2.44,-1.656,2.348,-1.776,2.096,-1.776 C1.708,-1.776,1.492,-1.5,1.36,-1.116 C1.34,-1.056,1.336,-1.056,1.28,-1.056 L0.852,-1.056 Z
dynamicFFF 3.324 M1.732,-1.056 C1.704,-1.056,1.692,-1.056,1.692,-1.076 C1.692,-1.088,1.696,-1.1,1.7,-1.124 C1.78,-1.472,1.84,-1.684,1.996,-1.684 C2.016,-1.684,2.028,-1.68,2.028,-1.668 C2.028,-1.64,1.956,-1.624,1.956,-1.516 C1.956,-1.4,2.028,-1.352,2.124,-1.352 C2.232,-1.352,2.3,-1.424,2.3,-1.556 C2.3,-1.66,2.22,-1.776,1.992,-1.776 C1.6,-1.776,1.412,-1.504,1.28,-1.116 C1.26,-1.056,1.256,-1.056,1.2,-1.056 L0.772,-1.056 C0.744,-1.056,0.732,-1.056,0.732,-1.076 C0.732,-1.088,0.736,-1.1,0.74,-1.124 C0.82,-1.472,0.88,-1.684,1.036,-1.684 C1.056,-1.684,1.068,-1.68,1.068,-1.668 C1.068,-1.64,0.996,-1.624,0.996,-1.516 C0.996,-1.4,1.068,-1.352,1.164,-1.352 C1.272,-1.352,1.34,-1.424,1.34,-1.556 C1.34,-1.66,1.26,-1.776,1.032,-1.776 C0.64,-1.776,0.452,-1.504,0.32,-1.116 C0.3,-1.056,0.296,-1.056,0.24,-1.056 L0.008,-1.056 C-0.036,-1.056,-0.056,-1.036,-0.056,-0.992 C-0.056,-0.952,-0.036,-0.932,0.004,-0.932 L0.236,-0.932 C0.26,-0.932,0.268,-0.932,0.268,-0.916 C0.268,-0.908,0.264,-0.896,0.26,-0.876 L0.008,-0 C-0.104,0.392,-0.176,0.52,-0.336,0.52 C-0.388,0.52,-0.408,0.504,-0.408,0.484 C-0.408,0.452,-0.372,0.472,-0.312,0.432 C-0.264,0.4,-0.232,0.348,-0.232,0.284 C-0.232,0.18,-0.304,0.12,-0.412,0.12 C-0.532,0.12,-0.62,0.216,-0.62,0.34 C-0.62,0.516,-0.488,0.608,-0.32,0.608 C-0.016,0.608,0.172,0.404,0.392,-0.048 C0.508,-0.292,0.596,-0.54,0.692,-0.876 C0.692,-0.88,0.696,-0.884,0.696,-0.888 C0.696,-0.896,0.728,-0.932,0.748,-0.932 L1.196,-0.932 C1.22,-0.932,1.228,-0.932,1.228,-0.916 C1.228,-0.908,1.224,-0.896,1.22,-0.876 L0.968,-0 C0.856,0.392,0.784,0.52,0.624,0.52 C0.592,0.52,0.584,0.512,0.584,0.5 C0.584,0.484,0.6,0.476,0.644,0.448 C0.692,0.416,0.712,0.372,0.712,0.308 C0.712,0.212,0.644,0.152,0.548,0.152 C0.424,0.152,0.352,0.236,0.352,0.36 C0.352,0.516,0.472,0.608,0.64,0.608 C0.944,0.608,1.132,0.404,1.352,-0.048 C1.468,-0.292,1.556,-0.54,1.652,-0.876 C1.652,-0.88,1.656,-0.884,1.656,-0.888 C1.656,-0.896,1.688,-0.932,1.708,-0.932 L2.156,-0.932 C2.18,-0.932,2.188,-0.932,2.188,-0.916 C2.188,-0.908,2.184,-0.896,2.18,-0.876 L1.928,-0 C1.816,0.392,1.744,0.52,1.584,0.52 C1.552,0.52,1.544,0.512,1.544,0.5 C1.544,0.484,1.56,0.476,1.604,0.448 C1.652,0.416,1.672,0.372,1.672,0.308 C1.672,0.212,1.604,0.152,1.508,0.152 C1.384,0.152,1.312,0.236,1.312,0.36 C1.312,0.516,1.432,0.608,1.6,0.608 C1.904,0.608,2.092,0.404,2.312,-0.048 C2.428,-0.292,2.516,-0.54,2.612,-0.876 C2.612,-0.88,2.616,-0.884,2.616,-0.888 C2.616,-0.896,2.648,-0.932,2.668,-0.932 L2.928,-0.932 C2.972,-0.932,2.992,-0.952,2.992,-0.996 C2.992,-1.036,2.972,-1.056,2.932,-1.056 L2.692,-1.056 C2.664,-1.056,2.652,-1.056,2.652,-1.076 C2.652,-1.088,2.656,-1.1,2.66,-1.124 C2.74,-1.472,2.828,-1.684,3.028,-1.684 C3.06,-1.684,3.092,-1.676,3.092,-1.652 C3.092,-1.628,3.072,-1.632,3.028,-1.612 C2.976,-1.588,2.944,-1.532,2.944,-1.46 C2.944,-1.348,3.024,-1.292,3.124,-1.292 C3.228,-1.292,3.32,-1.36,3.32,-1.508 C3.32,-1.656,3.228,-1.776,2.976,-1.776 C2.588,-1.776,2.372,-1.5,2.24,-1.116 C2.22,-1.056,2.216,-1.056,2.16,-1.056 L1.732,-1.056 Z
dynamicFortePiano 2.476 M0.064,-1.056 C0.02,-1.056,0,-1.036,0,-0.992 C0,-0.952,0.02,-0.932,0.06,-0.932 L0.292,-0.932 C0.316,-0.932,0.324,-0.932,0.324,-0.916 C0.324,-0.908,0.32,-0.896,0.316,-0.876 L0.064,-0 C-0.048,0.392,-0.12,0.52,-0.28,0.52 C-0.332,0.52,-0.352,0.504,-0.352,0.484 C-0.352,0.452,-0.316,0.472,-0.256,0.432 C-0.208,0.4,-0.176,0.348,-0.176,0.284 C-0.176,0.18,-0.248,0.12,-0.356,0.12 C-0.476,0.12,-0.564,0.216,-0.564,0.34 C-0.564,0.516,-0.432,0.608,-0.264,0.608 C0.04,0.608,0.228,0.404,0.448,-0.048 C0.564,-0.292,0.652,-0.54,0.748,-0.876 C0.748,-0.88,0.752,-0.884,0.752,-0.888 C0.752,-0.896,0.784,-0.932,0.804,-0.932 L1.064,-0.932 C1.108,-0.932,1.128,-0.952,1.128,-0.996 C1.128,-1.036,1.108,-1.056,1.068,-1.056 L0.828,-1.056 C0.8,-1.056,0.788,-1.056,0.788,-1.076 C0.788,-1.088,0.792,-1.1,0.796,-1.124 C0.876,-1.472,0.964,-1.684,1.164,-1.684 C1.196,-1.684,1.228,-1.676,1.228,-1.652 C1.228,-1.628,1.208,-1.632,1.164,-1.612 C1.112,-1.588,1.08,-1.532,1.08,-1.46 C1.08,-1.348,1.16,-1.292,1.26,-1.292 C1.364,-1.292,1.456,-1.36,1.456,-1.508 C1.456,-1.656,1.364,-1.776,1.112,-1.776 C0.724,-1.776,0.508,-1.5,0.376,-1.116 C0.356,-1.056,0.352,-1.056,0.296,-1.056 L0.064,-1.056 Z M2.108,-1.096 C1.984,-1.096,1.896,-1.056,1.824,-0.992 C1.768,-0.944,1.756,-0.912,1.74,-0.912 C1.72,-0.912,1.732,-0.94,1.696,-1.008 C1.668,-1.056,1.608,-1.092,1.504,-1.092 C1.268,-1.092,1.14,-0.924,1.016,-0.696 C0.996,-0.66,0.988,-0.64,0.988,-0.62 C0.988,-0.592,1.008,-0.576,1.032,-0.576 C1.06,-0.576,1.076,-0.6,1.096,-0.636 C1.212,-0.836,1.292,-0.94,1.364,-0.94 C1.396,-0.94,1.408,-0.92,1.408,-0.892 C1.408,-0.86,1.396,-0.82,1.384,-0.792 L0.892,0.428 C0.88,0.46,0.872,0.468,0.832,0.468 L0.708,0.468 C0.672,0.468,0.656,0.484,0.656,0.52 C0.656,0.552,0.672,0.568,0.704,0.568 L1.476,0.568 C1.512,0.568,1.528,0.552,1.528,0.516 C1.528,0.484,1.512,0.468,1.48,0.468 L1.32,0.468 C1.296,0.468,1.284,0.468,1.284,0.456 C1.284,0.452,1.288,0.44,1.292,0.428 L1.472,-0.02 C1.48,-0.04,1.488,-0.068,1.508,-0.068 C1.528,-0.068,1.54,-0.028,1.604,0.004 C1.66,0.032,1.712,0.04,1.78,0.04 C2.164,0.04,2.476,-0.36,2.476,-0.74 C2.476,-0.972,2.332,-1.096,2.108,-1.096 Z M2,-0.948 C2.068,-0.948,2.092,-0.888,2.092,-0.8 C2.092,-0.604,1.88,-0.096,1.688,-0.096 C1.62,-0.096,1.588,-0.14,1.588,-0.224 C1.588,-0.308,1.62,-0.388,1.664,-0.5 L1.744,-0.696 C1.8,-0.832,1.904,-0.948,2,-0.948 Z
dynamicSforzando1 2.416 M1.024,-1.056 C0.98,-1.056,0.96,-1.036,0.96,-0.992 C0.96,-0.952,0.98,-0.932,1.02,-0.932 L1.252,-0.932 C1.276,-0.932,1.284,-0.932,1.284,-0.916 C1.284,-0.908,1.28,-0.896,1.276,-0.876 L1.024,-0 C0.912,0.392,0.84,0.52,0.68,0.52 C0.628,0.52,0.608,0.504,0.608,0.484 C0.608,0.452,0.644,0.472,0.704,0.432 C0.752,0.4,0.784,0.348,0.784,0.284 C0.784,0.18,0.712,0.12,0.604,0.12 C0.484,0.12,0.396,0.216,0.396,0.34 C0.396,0.516,0.528,0.608,0.696,0.608 C1,0.608,1.188,0.404,1.408,-0.048 C1.524,-0.292,1.612,-0.54,1.708,-0.876 C1.708,-0.88,1.712,-0.884,1.712,-0.888 C1.712,-0.896,1.744,-0.932,1.764,-0.932 L2.024,-0.932 C2.068,-0.932,2.088,-0.952,2.088,-0.996 C2.088,-1.036,2.068,-1.056,2.028,-1.056 L1.788,-1.056 C1.76,-1.056,1.748,-1.056,1.748,-1.076 C1.748,-1.088,1.752,-1.1,1.756,-1.124 C1.836,-1.472,1.924,-1.684,2.124,-1.684 C2.156,-1.684,2.188,-1.676,2.188,-1.652 C2.188,-1.628,2.168,-1.632,2.124,-1.612 C2.072,-1.588,2.04,-1.532,2.04,-1.46 C2.04,-1.348,2.12,-1.292,2.22,-1.292 C2.324,-1.292,2.416,-1.36,2.416,-1.508 C2.416,-1.656,2.324,-1.776,2.072,-1.776 C1.684,-1.776,1.468,-1.5,1.336,-1.116 C1.316,-1.056,1.312,-1.056,1.256,-1.056 L1.024,-1.056 Z M0.588,-1.092 C0.352,-1.092,0.188,-0.972,0.188,-0.76 C0.188,-0.62,0.264,-0.544,0.404,-0.448 C0.52,-0.368,0.556,-0.316,0.556,-0.236 C0.556,-0.148,0.48,-0.056,0.352,-0.056 C0.252,-0.056,0.184,-0.088,0.184,-0.116 C0.184,-0.136,0.208,-0.128,0.252,-0.156 C0.288,-0.18,0.308,-0.22,0.308,-0.272 C0.308,-0.352,0.24,-0.404,0.164,-0.404 C0.068,-0.404,0,-0.324,0,-0.216 C0,-0.084,0.136,0.04,0.348,0.04 C0.608,0.04,0.808,-0.1,0.808,-0.332 C0.808,-0.444,0.768,-0.528,0.612,-0.644 C0.468,-0.752,0.42,-0.796,0.42,-0.872 C0.42,-0.936,0.468,-1.004,0.592,-1.004 C0.66,-1.004,0.716,-0.988,0.716,-0.96 C0.716,-0.944,0.696,-0.944,0.668,-0.924 C0.644,-0.904,0.628,-0.872,0.628,-0.828 C0.628,-0.748,0.688,-0.7,0.768,-0.7 C0.864,-0.7,0.916,-0.776,0.916,-0.852 C0.916,-1,0.792,-1.092,0.588,-1.092 Z
dynamicSforzandoPiano 3.384 M0.984,-1.056 C0.94,-1.056,0.92,-1.036,0.92,-0.992 C0.92,-0.952,0.94,-0.932,0.98,-0.932 L1.212,-0.932 C1.236,-0.932,1.244,-0.932,1.244,-0.916 C1.244,-0.908,1.24,-0.896,1.236,-0.876 L0.984,-0 C0.872,0.392,0.8,0.52,0.64,0.52 C0.588,0.52,0.568,0.504,0.568,0.484 C0.568,0.452,0.604,0.472,0.664,0.432 C0.712,0.4,0.744,0.348,0.744,0.284 C0.744,0.18,0.672,0.12,0.564,0.12 C0.444,0.12,0.356,0.216,0.356,0.34 C0.356,0.516,0.488,0.608,0.656,0.608 C0.96,0.608,1.148,0.404,1.368,-0.048 C1.484,-0.292,1.572,-0.54,1.668,-0.876 C1.668,-0.88,1.672,-0.884,1.672,-0.888 C1.672,-0.896,1.704,-0.932,1.724,-0.932 L1.984,-0.932 C2.028,-0.932,2.048,-0.952,2.048,-0.996 C2.048,-1.036,2.028,-1.056,1.988,-1.056 L1.748,-1.056 C1.72,-1.056,1.708,-1.056,1.708,-1.076 C1.708,-1.088,1.712,-1.1,1.716,-1.124 C1.796,-1.472,1.884,-1.684,2.084,-1.684 C2.116,-1.684,2.148,-1.676,2.148,-1.652 C2.148,-1.628,2.128,-1.632,2.084,-1.612 C2.032,-1.588,2,-1.532,2,-1.46 C2,-1.348,2.08,-1.292,2.18,-1.292 C2.284,-1.292,2.376,-1.36,2.376,-1.508 C2.376,-1.656,2.284,-1.776,2.032,-1.776 C1.644,-1.776,1.428,-1.5,1.296,-1.116 C1.276,-1.056,1.272,-1.056,1.216,-1.056 L0.984,-1.056 Z M3.012,-1.096 C2.888,-1.096,2.8,-1.056,2.728,-0.992 C2.672,-0.944,2.66,-0.912,2.644,-0.912 C2.624,-0.912,2.636,-0.94,2.6,-1.008 C2.572,-1.056,2.512,-1.092,2.408,-1.092 C2.172,-1.092,2.044,-0.924,1.92,-0.696 C1.9,-0.66,1.892,-0.64,1.892,-0.62 C1.892,-0.592,1.912,-0.576,1.936,-0.576 C1.964,-0.576,1.98,-0.6,2,-0.636 C2.116,-0.836,2.196,-0.94,2.268,-0.94 C2.3,-0.94,2.312,-0.92,2.312,-0.892 C2.312,-0.86,2.3,-0.82,2.288,-0.792 L1.796,0.428 C1.784,0.46,1.776,0.468,1.736,0.468 L1.612,0.468 C1.576,0.468,1.56,0.484,1.56,0.52 C1.56,0.552,1.576,0.568,1.608,0.568 L2.38,0.568 C2.416,0.568,2.432,0.552,2.432,0.516 C2.432,0.484,2.416,0.468,2.384,0.468 L2.224,0.468 C2.2,0.468,2.188,0.468,2.188,0.456 C2.188,0.452,2.192,0.44,2.196,0.428 L2.376,-0.02 C2.384,-0.04,2.392,-0.068,2.412,-0.068 C2.432,-0.068,2.444,-0.028,2.508,0.004 C2.564,0.032,2.616,0.04,2.684,0.04 C3.068,0.04,3.38,-0.36,3.38,-0.74 C3.38,-0.972,3.236,-1.096,3.012,-1.096 Z M0.588,-1.092 C0.352,-1.092,0.188,-0.972,0.188,-0.76 C0.188,-0.62,0.264,-0.544,0.404,-0.448 C0.52,-0.368,0.556,-0.316,0.556,-0.236 C0.556,-0.148,0.48,-0.056,0.352,-0.056 C0.252,-0.056,0.184,-0.088,0.184,-0.116 C0.184,-0.136,0.208,-0.128,0.252,-0.156 C0.288,-0.18,0.308,-0.22,0.308,-0.272 C0.308,-0.352,0.24,-0.404,0.164,-0.404 C0.068,-0.404,0,-0.324,0,-0.216 C0,-0.084,0.136,0.04,0.348,0.04 C0.608,0.04,0.808,-0.1,0.808,-0.332 C0.808,-0.444,0.768,-0.528,0.612,-0.644 C0.468,-0.752,0.42,-0.796,0.42,-0.872 C0.42,-0.936,0.468,-1.004,0.592,-1.004 C0.66,-1.004,0.716,-0.988,0.716,-0.96 C0.716,-0.944,0.696,-0.944,0.668,-0.924 C0.644,-0.904,0.628,-0.872,0.628,-0.828 C0.628,-0.748,0.688,-0.7,0.768,-0.7 C0.864,-0.7,0.916,-0.776,0.916,-0.852 C0.916,-1,0.792,-1.092,0.588,-1.092 Z M2.904,-0.948 C2.972,-0.948,2.996,-0.888,2.996,-0.8 C2.996,-0.604,2.784,-0.096,2.592,-0.096 C2.524,-0.096,2.492,-0.14,2.492,-0.224 C2.492,-0.308,2.524,-0.388,2.568,-0.5 L2.648,-0.696 C2.704,-0.832,2.808,-0.948,2.904,-0.948 Z
dynamicSforzato 2.928 M1.004,-1.056 C0.96,-1.056,0.94,-1.036,0.94,-0.992 C0.94,-0.952,0.96,-0.932,1,-0.932 L1.232,-0.932 C1.256,-0.932,1.264,-0.932,1.264,-0.916 C1.264,-0.908,1.26,-0.896,1.256,-0.876 L1.004,-0 C0.892,0.392,0.82,0.52,0.66,0.52 C0.608,0.52,0.588,0.504,0.588,0.484 C0.588,0.452,0.624,0.472,0.684,0.432 C0.732,0.4,0.764,0.348,0.764,0.284 C0.764,0.18,0.692,0.12,0.584,0.12 C0.464,0.12,0.376,0.216,0.376,0.34 C0.376,0.516,0.508,0.608,0.676,0.608 C0.98,0.608,1.168,0.404,1.388,-0.048 C1.504,-0.292,1.592,-0.54,1.688,-0.876 C1.688,-0.88,1.692,-0.884,1.692,-0.888 C1.692,-0.896,1.724,-0.932,1.744,-0.932 L2.004,-0.932 C2.048,-0.932,2.068,-0.952,2.068,-0.996 C2.068,-1.036,2.048,-1.056,2.008,-1.056 L1.768,-1.056 C1.74,-1.056,1.728,-1.056,1.728,-1.076 C1.728,-1.088,1.732,-1.1,1.736,-1.124 C1.816,-1.472,1.904,-1.684,2.104,-1.684 C2.136,-1.684,2.168,-1.676,2.168,-1.652 C2.168,-1.628,2.148,-1.632,2.104,-1.612 C2.052,-1.588,2.02,-1.532,2.02,-1.46 C2.02,-1.348,2.1,-1.292,2.2,-1.292 C2.304,-1.292,2.396,-1.36,2.396,-1.508 C2.396,-1.656,2.304,-1.776,2.052,-1.776 C1.664,-1.776,1.448,-1.5,1.316,-1.116 C1.296,-1.056,1.292,-1.056,1.236,-1.056 L1.004,-1.056 Z M0.588,-1.092 C0.352,-1.092,0.188,-0.972,0.188,-0.76 C0.188,-0.62,0.264,-0.544,0.404,-0.448 C0.52,-0.368,0.556,-0.316,0.556,-0.236 C0.556,-0.148,0.48,-0.056,0.352,-0.056 C0.252,-0.056,0.184,-0.088,0.184,-0.116 C0.184,-0.136,0.208,-0.128,0.252,-0.156 C0.288,-0.18,0.308,-0.22,0.308,-0.272 C0.308,-0.352,0.24,-0.404,0.164,-0.404 C0.068,-0.404,0,-0.324,0,-0.216 C0,-0.084,0.136,0.04,0.348,0.04 C0.608,0.04,0.808,-0.1,0.808,-0.332 C0.808,-0.444,0.768,-0.528,0.612,-0.644 C0.468,-0.752,0.42,-0.796,0.42,-0.872 C0.42,-0.936,0.468,-1.004,0.592,-1.004 C0.66,-1.004,0.716,-0.988,0.716,-0.96 C0.716,-0.944,0.696,-0.944,0.668,-0.924 C0.644,-0.904,0.628,-0.872,0.628,-0.828 C0.628,-0.748,0.688,-0.7,0.768,-0.7 C0.864,-0.7,0.916,-0.776,0.916,-0.852 C0.916,-1,0.792,-1.092,0.588,-1.092 Z M2.88,-1.072 C2.848,-1.072,2.828,-1.06,2.784,-1.048 C2.74,-1.036,2.676,-1.028,2.62,-1.028 C2.38,-1.028,2.264,-1.064,2.216,-1.064 C2.176,-1.064,2.156,-1.048,2.144,-1.012 L2.048,-0.732 C2.04,-0.708,2.036,-0.688,2.036,-0.672 C2.036,-0.644,2.056,-0.632,2.08,-0.632 C2.108,-0.632,2.124,-0.656,2.14,-0.692 L2.18,-0.776 C2.192,-0.8,2.2,-0.824,2.224,-0.824 C2.24,-0.824,2.308,-0.812,2.424,-0.812 C2.496,-0.812,2.552,-0.84,2.576,-0.84 C2.576,-0.824,2.504,-0.752,2.5,-0.748 L1.884,-0.124 C1.852,-0.092,1.836,-0.076,1.836,-0.044 C1.836,-0.016,1.856,0.004,1.888,0.004 C1.924,0.004,1.948,-0.028,1.968,-0.044 C2,-0.068,2.032,-0.084,2.064,-0.084 C2.176,-0.084,2.256,0.04,2.452,0.04 C2.676,0.04,2.78,-0.12,2.78,-0.284 C2.78,-0.408,2.708,-0.46,2.636,-0.46 C2.564,-0.46,2.504,-0.404,2.504,-0.32 C2.504,-0.244,2.556,-0.2,2.612,-0.2 C2.652,-0.2,2.664,-0.22,2.676,-0.22 C2.684,-0.22,2.688,-0.216,2.688,-0.208 C2.688,-0.2,2.68,-0.184,2.672,-0.168 C2.656,-0.14,2.628,-0.124,2.592,-0.124 C2.472,-0.124,2.436,-0.264,2.28,-0.264 C2.228,-0.264,2.204,-0.24,2.192,-0.24 C2.192,-0.24,2.22,-0.288,2.24,-0.308 L2.88,-0.94 C2.912,-0.972,2.932,-0.996,2.932,-1.028 C2.932,-1.056,2.908,-1.072,2.88,-1.072 Z
dynamicForzando 1.988 M0.064,-1.056 C0.02,-1.056,0,-1.036,0,-0.992 C0,-0.952,0.02,-0.932,0.06,-0.932 L0.292,-0.932 C0.316,-0.932,0.324,-0.932,0.324,-0.916 C0.324,-0.908,0.32,-0.896,0.316,-0.876 L0.064,-0 C-0.048,0.392,-0.12,0.52,-0.28,0.52 C-0.332,0.52,-0.352,0.504,-0.352,0.484 C-0.352,0.452,-0.316,0.472,-0.256,0.432 C-0.208,0.4,-0.176,0.348,-0.176,0.284 C-0.176,0.18,-0.248,0.12,-0.356,0.12 C-0.476,0.12,-0.564,0.216,-0.564,0.34 C-0.564,0.516,-0.432,0.608,-0.264,0.608 C0.04,0.608,0.228,0.404,0.448,-0.048 C0.564,-0.292,0.652,-0.54,0.748,-0.876 C0.748,-0.88,0.752,-0.884,0.752,-0.888 C0.752,-0.896,0.784,-0.932,0.804,-0.932 L1.064,-0.932 C1.108,-0.932,1.128,-0.952,1.128,-0.996 C1.128,-1.036,1.108,-1.056,1.068,-1.056 L0.828,-1.056 C0.8,-1.056,0.788,-1.056,0.788,-1.076 C0.788,-1.088,0.792,-1.1,0.796,-1.124 C0.876,-1.472,0.964,-1.684,1.164,-1.684 C1.196,-1.684,1.228,-1.676,1.228,-1.652 C1.228,-1.628,1.208,-1.632,1.164,-1.612 C1.112,-1.588,1.08,-1.532,1.08,-1.46 C1.08,-1.348,1.16,-1.292,1.26,-1.292 C1.364,-1.292,1.456,-1.36,1.456,-1.508 C1.456,-1.656,1.364,-1.776,1.112,-1.776 C0.724,-1.776,0.508,-1.5,0.376,-1.116 C0.356,-1.056,0.352,-1.056,0.296,-1.056 L0.064,-1.056 Z M1.936,-1.072 C1.904,-1.072,1.884,-1.06,1.84,-1.048 C1.796,-1.036,1.732,-1.028,1.676,-1.028 C1.436,-1.028,1.32,-1.064,1.272,-1.064 C1.232,-1.064,1.212,-1.048,1.2,-1.012 L1.104,-0.732 C1.096,-0.708,1.092,-0.688,1.092,-0.672 C1.092,-0.644,1.112,-0.632,1.136,-0.632 C1.164,-0.632,1.18,-0.656,1.196,-0.692 L1.236,-0.776 C1.248,-0.8,1.256,-0.824,1.28,-0.824 C1.296,-0.824,1.364,-0.812,1.48,-0.812 C1.552,-0.812,1.608,-0.84,1.632,-0.84 C1.632,-0.824,1.56,-0.752,1.556,-0.748 L0.94,-0.124 C0.908,-0.092,0.892,-0.076,0.892,-0.044 C0.892,-0.016,0.912,0.004,0.944,0.004 C0.98,0.004,1.004,-0.028,1.024,-0.044 C1.056,-0.068,1.088,-0.084,1.12,-0.084 C1.232,-0.084,1.312,0.04,1.508,0.04 C1.732,0.04,1.836,-0.12,1.836,-0.284 C1.836,-0.408,1.764,-0.46,1.692,-0.46 C1.62,-0.46,1.56,-0.404,1.56,-0.32 C1.56,-0.244,1.612,-0.2,1.668,-0.2 C1.708,-0.2,1.72,-0.22,1.732,-0.22 C1.74,-0.22,1.744,-0.216,1.744,-0.208 C1.744,-0.2,1.736,-0.184,1.728,-0.168 C1.712,-0.14,1.684,-0.124,1.648,-0.124 C1.528,-0.124,1.492,-0.264,1.336,-0.264 C1.284,-0.264,1.26,-0.24,1.248,-0.24 C1.248,-0.24,1.276,-0.288,1.296,-0.308 L1.936,-0.94 C1.968,-0.972,1.988,-0.996,1.988,-1.028 C1.988,-1.056,1.964,-1.072,1.936,-1.072 Z
accidentalDoubleSharp 1 M0.76,0.128 C0.716,0.104,0.572,0.024,0.572,-0.004 C0.572,-0.06,0.704,-0.12,0.76,-0.14 C0.776,-0.14,0.792,-0.136,0.808,-0.136 C0.872,-0.136,0.932,-0.152,0.96,-0.176 C0.98,-0.196,0.988,-0.256,0.988,-0.32 C0.988,-0.388,0.976,-0.46,0.96,-0.48 C0.944,-0.5,0.88,-0.508,0.812,-0.508 C0.74,-0.508,0.668,-0.5,0.648,-0.48 C0.632,-0.468,0.628,-0.396,0.628,-0.324 C0.608,-0.28,0.544,-0.136,0.496,-0.136 C0.44,-0.136,0.376,-0.268,0.36,-0.324 C0.36,-0.392,0.348,-0.464,0.328,-0.48 C0.312,-0.5,0.248,-0.508,0.184,-0.508 C0.116,-0.508,0.044,-0.5,0.02,-0.48 C0.008,-0.472,0,-0.404,0,-0.332 C0,-0.26,0.008,-0.188,0.02,-0.176 C0.048,-0.152,0.12,-0.136,0.188,-0.136 C0.204,-0.136,0.216,-0.14,0.228,-0.14 C0.272,-0.116,0.416,-0.036,0.416,-0.008 C0.416,0.044,0.288,0.108,0.232,0.128 L0.192,0.128 C0.12,0.128,0.044,0.136,0.02,0.156 C0.008,0.168,0,0.236,0,0.308 C0,0.38,0.008,0.452,0.02,0.46 C0.048,0.484,0.112,0.5,0.18,0.5 C0.24,0.5,0.304,0.488,0.328,0.46 C0.352,0.44,0.36,0.372,0.36,0.308 C0.36,0.304,0.364,0.296,0.368,0.292 C0.392,0.236,0.44,0.124,0.492,0.124 C0.544,0.124,0.612,0.252,0.628,0.308 C0.628,0.38,0.632,0.448,0.648,0.46 C0.676,0.484,0.74,0.5,0.808,0.5 C0.872,0.5,0.932,0.488,0.96,0.46 C0.98,0.44,0.988,0.38,0.988,0.316 C0.988,0.248,0.976,0.176,0.96,0.156 C0.94,0.136,0.868,0.128,0.8,0.128 L0.76,0.128 Z
accidentalDoubleFlat 1.652 M1.256,-0.604 C1.236,-0.604,1.22,-0.604,1.2,-0.6 C1.152,-0.588,1.108,-0.564,1.068,-0.54 C1.04,-0.524,1.008,-0.488,0.972,-0.488 C0.964,-0.488,0.956,-0.488,0.952,-0.492 C0.924,-0.5,0.912,-0.528,0.912,-0.56 C0.912,-0.644,0.936,-1.608,0.936,-1.684 C0.936,-1.728,0.9,-1.748,0.86,-1.748 C0.808,-1.748,0.744,-1.712,0.736,-1.644 C0.736,-1.644,0.74,-1.096,0.748,-0.54 C0.688,-0.58,0.62,-0.604,0.544,-0.604 L0.52,-0.604 C0.5,-0.604,0.48,-0.604,0.464,-0.6 C0.416,-0.588,0.372,-0.564,0.332,-0.54 C0.3,-0.524,0.272,-0.488,0.236,-0.488 C0.228,-0.488,0.224,-0.488,0.216,-0.492 C0.188,-0.5,0.172,-0.528,0.172,-0.56 C0.172,-0.644,0.2,-1.608,0.2,-1.684 C0.2,-1.728,0.164,-1.748,0.124,-1.748 C0.068,-1.748,0.004,-1.712,0,-1.644 C0,-1.644,0.02,0.644,0.048,0.68 C0.06,0.696,0.072,0.7,0.084,0.7 C0.096,0.7,0.108,0.692,0.108,0.692 C0.232,0.628,0.332,0.516,0.424,0.448 C0.572,0.344,0.684,0.236,0.76,0.14 C0.768,0.44,0.776,0.668,0.788,0.68 C0.8,0.696,0.812,0.7,0.82,0.7 C0.832,0.7,0.844,0.692,0.844,0.692 C0.968,0.628,1.064,0.516,1.156,0.452 C1.516,0.2,1.644,-0.044,1.644,-0.228 C1.644,-0.452,1.468,-0.6,1.28,-0.604 L1.256,-0.604 Z M0.564,0.072 C0.512,0.168,0.396,0.292,0.268,0.372 C0.256,0.38,0.24,0.384,0.232,0.384 C0.2,0.384,0.188,0.344,0.188,0.32 C0.188,0.32,0.176,0.084,0.176,-0.072 C0.176,-0.136,0.18,-0.184,0.184,-0.2 C0.2,-0.252,0.308,-0.34,0.364,-0.372 C0.4,-0.392,0.436,-0.4,0.468,-0.4 C0.508,-0.4,0.54,-0.388,0.564,-0.36 C0.604,-0.312,0.628,-0.244,0.628,-0.164 C0.628,-0.092,0.608,-0.008,0.564,0.072 Z M1.296,0.072 C1.248,0.168,1.132,0.292,1.004,0.372 C0.988,0.38,0.976,0.384,0.968,0.384 C0.936,0.384,0.924,0.344,0.924,0.32 C0.924,0.32,0.912,0.044,0.912,-0.108 C0.912,-0.152,0.912,-0.188,0.916,-0.2 C0.932,-0.252,1.04,-0.34,1.1,-0.372 C1.136,-0.392,1.172,-0.4,1.204,-0.4 C1.244,-0.4,1.276,-0.388,1.3,-0.36 C1.336,-0.312,1.36,-0.244,1.36,-0.164 C1.36,-0.092,1.34,-0.012,1.296,0.072 Z
rest32nd 1.452 M1.412,-1.676 C1.392,-1.676,1.38,-1.668,1.368,-1.66 C1.34,-1.64,1.14,-1.396,1.004,-1.396 L1.004,-1.432 C1.004,-1.584,0.884,-1.704,0.732,-1.704 C0.584,-1.704,0.46,-1.584,0.46,-1.432 C0.46,-1.352,0.508,-1.28,0.572,-1.232 C0.604,-1.204,0.644,-1.188,0.684,-1.176 C0.716,-1.168,0.748,-1.16,0.788,-1.16 C0.844,-1.16,0.904,-1.172,0.952,-1.188 C1.008,-1.208,1.04,-1.22,1.092,-1.248 C1.096,-1.252,1.104,-1.252,1.108,-1.252 C1.136,-1.252,1.152,-1.212,1.152,-1.188 C1.152,-1.184,1.148,-1.176,1.148,-1.172 L0.992,-0.532 C0.972,-0.468,0.84,-0.388,0.776,-0.388 C0.78,-0.4,0.78,-0.412,0.78,-0.424 C0.78,-0.576,0.656,-0.696,0.508,-0.696 C0.356,-0.696,0.236,-0.576,0.236,-0.424 C0.236,-0.344,0.284,-0.272,0.348,-0.224 C0.38,-0.196,0.416,-0.18,0.456,-0.168 C0.488,-0.16,0.524,-0.152,0.564,-0.152 C0.62,-0.152,0.68,-0.164,0.724,-0.18 C0.78,-0.2,0.812,-0.212,0.864,-0.24 C0.868,-0.244,0.872,-0.244,0.876,-0.244 C0.896,-0.244,0.904,-0.212,0.904,-0.192 L0.744,0.464 C0.724,0.548,0.6,0.6,0.54,0.604 C0.544,0.588,0.544,0.576,0.544,0.564 C0.544,0.412,0.424,0.292,0.272,0.292 C0.124,0.292,0,0.412,0,0.564 C0,0.644,0.048,0.72,0.112,0.768 C0.144,0.792,0.184,0.812,0.224,0.824 C0.252,0.832,0.284,0.836,0.32,0.836 C0.376,0.836,0.44,0.824,0.488,0.808 C0.544,0.792,0.58,0.776,0.632,0.748 C0.636,0.744,0.64,0.744,0.644,0.744 C0.656,0.744,0.668,0.756,0.668,0.768 C0.668,0.784,0.392,1.884,0.384,1.912 C0.38,1.92,0.38,1.928,0.38,1.936 C0.38,1.968,0.404,2,0.488,2 C0.616,2,0.628,1.96,0.644,1.916 C0.656,1.868,1.344,-1.212,1.344,-1.212 C1.344,-1.212,1.44,-1.568,1.448,-1.616 C1.448,-1.624,1.452,-1.628,1.452,-1.632 C1.452,-1.668,1.42,-1.676,1.412,-1.676 Z
flag32ndUp 1.048 M1.04,2.692 C1.032,2.536,0.996,2.384,0.936,2.24 C0.932,2.232,0.932,2.224,0.932,2.212 C0.932,2.204,0.932,2.196,0.936,2.188 C0.944,2.16,1.028,1.94,1.028,1.712 C1.028,1.664,1.024,1.62,1.016,1.572 C1,1.48,0.976,1.408,0.944,1.34 C0.98,1.236,1.024,1.072,1.024,0.916 C1.024,0.876,1.024,0.84,1.016,0.804 C0.972,0.56,0.88,0.452,0.612,0.16 C0.412,-0.056,0.196,-0.12,0.128,-0.52 C0.124,-0.556,0.096,-0.596,0.056,-0.596 C0.032,-0.596,0,-0.576,0,-0.548 L0,1.692 L0.02,1.692 C0.252,1.7,0.516,1.708,0.772,2.228 C0.86,2.404,0.896,2.584,0.896,2.776 C0.896,2.888,0.884,3,0.864,3.116 C0.864,3.128,0.86,3.136,0.86,3.144 C0.86,3.192,0.884,3.228,0.912,3.24 C0.92,3.244,0.928,3.248,0.936,3.248 C0.96,3.248,0.988,3.228,1.016,3.184 C1.028,3.16,1.044,2.976,1.044,2.804 C1.044,2.764,1.04,2.728,1.04,2.692 Z M0.832,0.724 C0.876,0.804,0.892,0.864,0.892,0.916 C0.892,0.948,0.884,0.972,0.88,1 C0.872,1.04,0.852,1.108,0.832,1.176 C0.776,1.104,0.704,1.028,0.612,0.928 C0.416,0.712,0.22,0.644,0.156,0.256 C0.376,0.256,0.612,0.352,0.832,0.724 Z M0.876,1.824 C0.868,1.856,0.868,1.888,0.856,1.916 C0.852,1.928,0.832,1.94,0.812,1.94 C0.8,1.94,0.788,1.936,0.784,1.924 C0.724,1.836,0.668,1.768,0.6,1.688 L0.58,1.668 C0.408,1.464,0.244,1.376,0.156,1.084 C0.148,1.056,0.168,1.02,0.204,1.02 C0.456,1.02,0.66,1.224,0.784,1.408 C0.848,1.504,0.884,1.612,0.884,1.728 C0.884,1.76,0.88,1.792,0.876,1.824 Z
flag32ndDown 1.096 M1.092,-2.704 C1.092,-2.904,1.024,-3.156,1.008,-3.184 C0.98,-3.232,0.952,-3.248,0.924,-3.248 C0.916,-3.248,0.908,-3.248,0.9,-3.244 C0.872,-3.232,0.844,-3.192,0.844,-3.14 C0.844,-3.132,0.848,-3.124,0.848,-3.112 C0.88,-2.932,0.928,-2.808,0.928,-2.672 C0.928,-2.56,0.896,-2.444,0.804,-2.28 C0.5,-1.736,0.244,-1.728,0,-1.72 L0,0.636 C0,0.672,0.024,0.688,0.056,0.688 C0.096,0.688,0.128,0.644,0.132,0.608 C0.2,0.192,0.428,0.128,0.636,-0.1 C0.916,-0.404,1.012,-0.516,1.056,-0.772 C1.064,-0.808,1.064,-0.848,1.064,-0.888 C1.064,-1.06,1.012,-1.236,0.976,-1.344 C1.016,-1.416,1.04,-1.496,1.056,-1.592 C1.064,-1.644,1.068,-1.696,1.068,-1.748 C1.068,-1.956,1.004,-2.128,0.988,-2.168 C0.988,-2.18,0.976,-2.192,0.976,-2.204 C0.976,-2.212,0.98,-2.22,0.988,-2.232 L1.004,-2.26 C1.056,-2.36,1.076,-2.404,1.092,-2.66 L1.092,-2.704 Z M0.156,-1.072 C0.24,-1.392,0.424,-1.48,0.604,-1.692 C0.684,-1.784,0.748,-1.86,0.812,-1.96 C0.82,-1.972,0.832,-1.976,0.844,-1.976 C0.864,-1.976,0.888,-1.964,0.892,-1.952 C0.904,-1.924,0.904,-1.892,0.912,-1.86 C0.916,-1.828,0.92,-1.792,0.92,-1.76 C0.92,-1.64,0.88,-1.524,0.812,-1.424 C0.688,-1.232,0.476,-1.02,0.228,-1.02 L0.208,-1.02 C0.172,-1.02,0.156,-1.052,0.156,-1.072 Z M0.916,-0.972 C0.92,-0.944,0.928,-0.92,0.928,-0.888 C0.928,-0.836,0.912,-0.772,0.864,-0.688 C0.636,-0.304,0.392,-0.2,0.164,-0.2 C0.156,-0.204,0.156,-0.208,0.156,-0.212 C0.224,-0.628,0.428,-0.692,0.636,-0.92 C0.732,-1.024,0.804,-1.104,0.86,-1.176 C0.884,-1.1,0.904,-1.016,0.916,-0.972 Z
timeSig0 1.88 M1.8,-0 C1.8,-0.556,1.416,-1.004,0.94,-1.004 C0.464,-1.004,0.08,-0.556,0.08,-0 C0.08,0.552,0.464,1,0.94,1 C1.416,1,1.8,0.552,1.8,-0 Z M0.94,-0.88 C1.104,-0.88,1.24,-0.5,1.24,-0.028 C1.24,0.44,1.104,0.82,0.94,0.82 C0.772,0.82,0.64,0.44,0.64,-0.028 C0.64,-0.5,0.772,-0.88,0.94,-0.88 Z
timeSig1 1.336 M0.096,-0.052 C0.096,-0.052,0.08,-0.028,0.08,-0 C0.08,0.02,0.092,0.044,0.124,0.056 C0.14,0.06,0.156,0.064,0.16,0.064 C0.2,0.064,0.216,0.028,0.216,0.028 C0.216,0.028,0.388,-0.248,0.432,-0.324 C0.448,-0.352,0.464,-0.364,0.472,-0.364 C0.488,-0.364,0.496,-0.332,0.496,-0.308 L0.496,0.724 C0.496,0.816,0.404,0.876,0.32,0.876 C0.292,0.876,0.252,0.888,0.252,0.936 C0.252,0.98,0.288,1,0.34,1 L1.192,1 C1.256,1,1.256,0.936,1.256,0.936 C1.256,0.936,1.256,0.876,1.196,0.876 C1.14,0.876,1.068,0.804,1.068,0.736 L1.068,-0.912 C1.068,-0.976,1.044,-1,0.988,-1.004 C0.932,-1.004,0.832,-0.988,0.78,-0.988 C0.704,-0.988,0.632,-0.992,0.572,-1 C0.564,-1,0.556,-1.004,0.552,-1.004 C0.512,-1.004,0.496,-0.964,0.48,-0.928 L0.096,-0.052 Z
timeSig2 1.784 M1.684,0.364 C1.684,0.316,1.664,0.308,1.636,0.308 C1.604,0.308,1.592,0.324,1.584,0.348 C1.584,0.352,1.58,0.356,1.58,0.36 C1.54,0.456,1.508,0.532,1.424,0.532 C1.404,0.532,1.384,0.528,1.356,0.52 C1.304,0.5,1.276,0.496,1.236,0.476 C1.156,0.444,0.968,0.38,0.804,0.38 C0.752,0.38,0.7,0.388,0.656,0.404 C0.744,0.26,1.084,0.14,1.172,0.116 C1.232,0.1,1.4,0.068,1.532,-0.04 C1.628,-0.116,1.704,-0.232,1.704,-0.408 C1.704,-0.596,1.624,-0.732,1.52,-0.82 C1.316,-0.992,1.004,-1.016,0.916,-1.016 C0.808,-1.016,0.672,-1.012,0.568,-0.988 C0.428,-0.96,0.288,-0.876,0.192,-0.764 C0.124,-0.68,0.08,-0.58,0.08,-0.472 C0.08,-0.416,0.092,-0.36,0.116,-0.3 C0.176,-0.176,0.3,-0.08,0.444,-0.08 C0.688,-0.08,0.724,-0.332,0.724,-0.432 C0.724,-0.672,0.448,-0.684,0.448,-0.764 C0.456,-0.82,0.528,-0.916,0.764,-0.916 C1.12,-0.916,1.124,-0.648,1.124,-0.532 C1.124,-0.38,1.076,-0.24,0.988,-0.124 C0.844,0.068,0.732,0.164,0.536,0.284 C0.316,0.424,0.16,0.62,0.092,0.872 C0.092,0.88,0.088,0.888,0.088,0.896 C0.088,0.94,0.116,0.992,0.16,1.02 C0.172,1.028,0.184,1.028,0.192,1.028 C0.28,1.028,0.328,0.784,0.564,0.784 C0.724,0.784,0.784,1,1.14,1 C1.312,1,1.62,0.984,1.684,0.364 Z
timeSig3 1.684 M0.852,-0.992 C0.832,-0.992,0.812,-0.996,0.792,-0.996 C0.448,-0.996,0.104,-0.768,0.104,-0.556 C0.104,-0.424,0.18,-0.248,0.428,-0.232 L0.448,-0.232 C0.624,-0.232,0.712,-0.36,0.712,-0.492 L0.712,-0.524 C0.7,-0.672,0.6,-0.68,0.58,-0.688 C0.56,-0.696,0.5,-0.688,0.5,-0.744 L0.5,-0.76 C0.508,-0.828,0.632,-0.86,0.668,-0.86 C1.008,-0.86,1.04,-0.648,1.04,-0.552 L1.04,-0.524 C1.04,-0.228,0.804,-0.112,0.552,-0.1 C0.512,-0.096,0.456,-0.076,0.456,-0.032 C0.456,0.016,0.524,0.016,0.556,0.016 C1.016,0.016,1.052,0.328,1.052,0.38 C1.052,0.804,0.836,0.852,0.748,0.852 C0.732,0.852,0.716,0.848,0.712,0.848 C0.68,0.844,0.604,0.844,0.6,0.784 L0.6,0.764 C0.6,0.676,0.688,0.616,0.692,0.5 C0.692,0.46,0.688,0.416,0.672,0.376 C0.628,0.276,0.512,0.212,0.404,0.212 C0.388,0.212,0.376,0.212,0.36,0.216 C0.292,0.228,0.216,0.268,0.168,0.32 C0.1,0.38,0.08,0.476,0.08,0.564 C0.088,0.876,0.372,0.996,0.764,1.004 L0.8,1.004 C1.196,1.004,1.604,0.8,1.604,0.448 L1.604,0.42 C1.6,0.364,1.592,0.308,1.568,0.256 C1.552,0.216,1.524,0.176,1.492,0.14 C1.468,0.108,1.436,0.08,1.396,0.056 L1.312,0.008 L1.18,-0.028 C1.16,-0.032,1.148,-0.032,1.14,-0.048 C1.136,-0.056,1.136,-0.06,1.136,-0.068 C1.136,-0.084,1.14,-0.1,1.152,-0.104 C1.196,-0.116,1.24,-0.12,1.276,-0.14 C1.336,-0.168,1.388,-0.196,1.432,-0.248 C1.496,-0.32,1.52,-0.412,1.52,-0.504 C1.52,-0.872,1.02,-0.98,0.852,-0.992 Z
timeSig4 1.88 M1.448,0.296 L1.448,-0.56 C1.448,-0.592,1.444,-0.628,1.4,-0.628 C1.364,-0.628,1.344,-0.62,1.32,-0.592 L0.94,-0.132 C0.924,-0.112,0.904,-0.088,0.904,-0.04 L0.904,0.296 L0.364,0.296 C0.684,0.024,1.324,-0.884,1.336,-0.928 C1.336,-0.936,1.34,-0.94,1.34,-0.948 C1.34,-0.98,1.312,-1.004,1.28,-1.004 C1.244,-1.004,1.08,-0.996,1.008,-0.996 C0.936,-0.996,0.756,-1.004,0.724,-1.004 C0.688,-1.004,0.632,-0.992,0.632,-0.928 C0.632,-0.432,0.24,0.124,0.12,0.292 L0.096,0.324 C0.096,0.328,0.092,0.332,0.092,0.336 C0.084,0.352,0.08,0.368,0.08,0.38 C0.08,0.42,0.112,0.448,0.16,0.448 L0.904,0.448 L0.904,0.7 C0.904,0.808,0.816,0.84,0.744,0.84 C0.68,0.84,0.652,0.876,0.652,0.916 C0.652,0.956,0.668,1,0.728,1 L1.58,1 C1.62,1,1.66,0.972,1.66,0.916 C1.66,0.86,1.612,0.836,1.572,0.836 C1.532,0.836,1.448,0.812,1.448,0.684 L1.448,0.448 L1.74,0.448 C1.78,0.448,1.8,0.42,1.8,0.372 C1.8,0.324,1.784,0.296,1.74,0.296 L1.448,0.296 Z
timeSig5 1.612 M0.304,-0.236 C0.304,-0.236,0.32,-0.46,0.324,-0.496 C0.328,-0.528,0.348,-0.548,0.384,-0.548 L0.4,-0.548 C0.44,-0.54,0.628,-0.512,0.792,-0.512 C1.348,-0.512,1.368,-0.832,1.368,-0.896 C1.368,-0.948,1.356,-0.98,1.312,-0.98 C1.26,-0.98,0.948,-0.944,0.82,-0.944 C0.692,-0.944,0.348,-0.976,0.28,-0.984 C0.208,-0.984,0.188,-0.948,0.184,-0.916 L0.14,-0.028 L0.14,-0.02 C0.14,0.032,0.18,0.04,0.22,0.04 C0.26,0.04,0.264,0.004,0.308,-0.04 C0.348,-0.08,0.444,-0.172,0.58,-0.172 C0.716,-0.172,0.992,-0.096,0.992,0.348 C0.992,0.788,0.756,0.844,0.652,0.844 C0.62,0.844,0.588,0.844,0.56,0.832 C0.54,0.82,0.516,0.804,0.512,0.776 C0.512,0.748,0.54,0.732,0.56,0.72 C0.652,0.664,0.712,0.564,0.712,0.452 C0.712,0.276,0.572,0.14,0.4,0.14 C0.184,0.14,0.096,0.296,0.084,0.436 C0.08,0.46,0.08,0.484,0.08,0.508 C0.08,0.84,0.296,1.004,0.788,1.004 C1.268,1.004,1.532,0.708,1.532,0.348 C1.532,-0.016,1.236,-0.312,0.872,-0.312 C0.64,-0.312,0.468,-0.272,0.34,-0.196 C0.332,-0.192,0.324,-0.192,0.32,-0.192 C0.304,-0.192,0.304,-0.208,0.304,-0.22 L0.304,-0.236 Z
timeSig6 1.736 M1.04,-0.4 C1.088,-0.352,1.156,-0.332,1.22,-0.332 C1.252,-0.332,1.288,-0.34,1.32,-0.348 C1.444,-0.38,1.54,-0.508,1.54,-0.636 C1.54,-0.652,1.54,-0.664,1.536,-0.68 C1.516,-0.812,1.404,-0.908,1.284,-0.952 C1.188,-0.992,1.072,-1.004,0.968,-1.004 C0.664,-1,0.38,-0.852,0.236,-0.58 C0.148,-0.412,0.08,-0.2,0.08,-0.012 L0.08,0.004 C0.084,0.188,0.116,0.396,0.204,0.556 C0.288,0.708,0.424,0.872,0.58,0.94 C0.68,0.984,0.8,0.996,0.9,0.996 C1.08,0.996,1.28,0.968,1.424,0.852 C1.564,0.74,1.656,0.56,1.656,0.38 C1.656,0.156,1.536,0.02,1.408,-0.076 C1.3,-0.156,1.176,-0.2,1.052,-0.2 C0.924,-0.2,0.792,-0.152,0.688,-0.06 C0.68,-0.052,0.672,-0.052,0.664,-0.052 C0.64,-0.052,0.628,-0.084,0.628,-0.148 C0.64,-0.888,0.876,-0.908,0.96,-0.908 C1.04,-0.908,1.092,-0.888,1.092,-0.848 C1.092,-0.792,1.016,-0.744,0.992,-0.696 C0.972,-0.66,0.964,-0.62,0.964,-0.58 C0.964,-0.52,0.984,-0.46,1.024,-0.416 C1.028,-0.408,1.036,-0.404,1.04,-0.4 Z M0.888,-0.008 C1.016,-0.008,1.124,0.192,1.124,0.44 C1.124,0.688,1.016,0.888,0.888,0.888 C0.76,0.888,0.656,0.688,0.656,0.44 C0.656,0.192,0.76,-0.008,0.888,-0.008 Z
timeSig7 1.764 M1.684,-0.816 C1.684,-0.924,1.684,-0.976,1.616,-0.976 C1.612,-0.976,1.548,-0.96,1.532,-0.932 C1.504,-0.884,1.448,-0.656,1.348,-0.656 C1.248,-0.656,1.06,-0.996,0.728,-0.996 C0.496,-0.996,0.436,-0.904,0.38,-0.852 C0.324,-0.8,0.3,-0.784,0.272,-0.78 C0.24,-0.78,0.188,-0.836,0.168,-0.876 C0.16,-0.892,0.14,-0.904,0.12,-0.904 C0.1,-0.904,0.08,-0.892,0.08,-0.856 L0.08,-0.196 C0.08,-0.196,0.084,-0.132,0.124,-0.132 C0.156,-0.132,0.168,-0.168,0.184,-0.212 C0.224,-0.312,0.276,-0.544,0.456,-0.544 C0.616,-0.544,0.808,-0.244,1.04,-0.244 C1.152,-0.244,1.208,-0.304,1.24,-0.328 C1.252,-0.336,1.268,-0.344,1.276,-0.344 C1.292,-0.344,1.3,-0.332,1.304,-0.308 C1.304,-0.196,0.996,0.028,0.756,0.312 C0.604,0.488,0.48,0.72,0.48,0.876 C0.48,0.96,0.48,1,0.556,1 C0.628,1,0.716,0.964,0.816,0.964 C0.916,0.964,1.104,1,1.144,1 C1.184,1,1.208,0.968,1.208,0.852 C1.208,0.184,1.684,-0.388,1.684,-0.8 L1.684,-0.816 Z
timeSig8 1.744 M1.336,-0.144 C1.48,-0.236,1.576,-0.368,1.576,-0.568 C1.576,-0.976,0.988,-1.036,0.88,-1.036 C0.416,-1.036,0.1,-0.824,0.1,-0.488 C0.1,-0.212,0.256,-0.064,0.448,0.044 C0.24,0.144,0.08,0.276,0.08,0.528 C0.08,0.876,0.44,1.036,0.836,1.036 C1.236,1.036,1.664,0.864,1.664,0.324 C1.664,0.084,1.524,-0.048,1.336,-0.144 Z M1.128,-0.236 C0.808,-0.348,0.468,-0.416,0.468,-0.668 C0.468,-0.836,0.696,-0.92,0.872,-0.92 C1,-0.92,1.34,-0.856,1.34,-0.576 C1.34,-0.416,1.26,-0.312,1.128,-0.236 Z M0.82,0.904 C0.552,0.904,0.308,0.768,0.308,0.508 C0.308,0.348,0.448,0.2,0.624,0.132 C0.916,0.26,1.212,0.344,1.212,0.608 C1.212,0.768,1.088,0.904,0.82,0.904 Z
timeSig9 1.736 M0.696,0.392 C0.648,0.344,0.58,0.324,0.516,0.324 C0.484,0.324,0.448,0.332,0.416,0.34 C0.292,0.372,0.196,0.5,0.196,0.628 C0.196,0.644,0.196,0.656,0.2,0.672 C0.22,0.804,0.332,0.9,0.452,0.944 C0.548,0.984,0.664,0.996,0.768,0.996 C1.072,0.992,1.356,0.844,1.5,0.572 C1.588,0.404,1.656,0.192,1.656,0.004 L1.656,-0.012 C1.652,-0.196,1.62,-0.404,1.532,-0.564 C1.448,-0.716,1.312,-0.88,1.156,-0.948 C1.056,-0.992,0.936,-1.004,0.836,-1.004 C0.656,-1.004,0.456,-0.976,0.312,-0.86 C0.172,-0.748,0.08,-0.568,0.08,-0.388 C0.08,-0.164,0.2,-0.028,0.328,0.068 C0.436,0.148,0.56,0.192,0.684,0.192 C0.812,0.192,0.944,0.144,1.048,0.052 C1.056,0.044,1.064,0.044,1.072,0.044 C1.096,0.044,1.108,0.076,1.108,0.14 C1.096,0.88,0.86,0.9,0.776,0.9 C0.696,0.9,0.644,0.88,0.644,0.84 C0.644,0.784,0.72,0.736,0.744,0.688 C0.764,0.652,0.772,0.612,0.772,0.572 C0.772,0.512,0.752,0.452,0.712,0.408 C0.708,0.4,0.7,0.396,0.696,0.392 Z M0.848,-0 C0.72,-0,0.612,-0.2,0.612,-0.448 C0.612,-0.696,0.72,-0.896,0.848,-0.896 C0.976,-0.896,1.08,-0.696,1.08,-0.448 C1.08,-0.2,0.976,-0,0.848,-0 Z
